0 0.4671296296296296 0.6097222222222223 0.23425925925925925 0.2712962962962963
0 0.7342592592592593 0.9148148148148149 0.11296296296296296 0.1685185185185185
0 0.8916666666666667 0.6972222222222222 0.058333333333333334 0.22037037037037038
0 0.8731481481481481 0.6152777777777778 0.1388888888888889 0.3712962962962963
0 0.2601851851851852 0.5773148148148148 0.07962962962962963 0.375
0 0.21388888888888888 0.47824074074074074 0.053703703703703705 0.1935185185185185
0 0.324537037037037 0.4337962962962963 0.12083333333333333 0.20092592592592592
0 0.4685185185185185 0.3351851851851852 0.17592592592592593 0.2
0 0.6472222222222223 0.3509259259259259 0.14166666666666666 0.18888888888888888
0 0.5930555555555556 0.3800925925925926 0.13333333333333333 0.1398148148148148
0 0.42777777777777776 0.1486111111111111 0.04675925925925926 0.11203703703703703
0 0.2162037037037037 0.2111111111111111 0.09675925925925925 0.07592592592592592
0 0.3023148148148148 0.17407407407407408 0.0763888888888889 0.07777777777777778
0 0.33425925925925926 0.1597222222222222 0.046296296296296294 0.062037037037037036
0 0.3907407407407407 0.1300925925925926 0.08009259259259259 0.08611111111111111