0 0.5875 0.5515625 0.240625 0.2203125
0 0.43671875 0.18203125 0.09140625 0.134375
0 0.3453125 0.1734375 0.1 0.07421875
0 0.228125 0.30625 0.11015625 0.1
0 0.2109375 0.41328125 0.06015625 0.18515625
0 0.26328125 0.3890625 0.06640625 0.15546875
0 0.2890625 0.44140625 0.15390625 0.15
0 0.271875 0.64609375 0.1171875 0.309375
0 0.37265625 0.59453125 0.1875 0.19140625
0 0.4203125 0.50546875 0.19765625 0.13515625
0 0.3640625 0.8140625 0.190625 0.36640625
0 0.5828125 0.7859375 0.30234375 0.33984375
0 0.84140625 0.64921875 0.18359375 0.26015625
0 0.825 0.70234375 0.17578125 0.2734375