0 0.603125 0.52109375 0.21484375 0.26796875
0 0.40859375 0.459375 0.18984375 0.21171875
0 0.575 0.3421875 0.1453125 0.1265625
0 0.515625 0.3984375 0.11171875 0.078125
0 0.45625 0.328125 0.08515625 0.10078125
0 0.41328125 0.27109375 0.11171875 0.1546875
0 0.38671875 0.14609375 0.10234375 0.059375
0 0.36015625 0.121875 0.08671875 0.075
0 0.284375 0.15546875 0.04765625 0.08046875
0 0.20859375 0.19921875 0.09609375 0.0546875
0 0.2328125 0.296875 0.12890625 0.13359375
0 0.2921875 0.56875 0.1765625 0.25625
0 0.21953125 0.43984375 0.071875 0.16875
0 0.85 0.675 0.18359375 0.28359375