0 0.375 0.34921875 0.140625 0.18671875
0 0.3078125 0.4984375 0.12265625 0.26953125
0 0.57421875 0.54921875 0.228125 0.20703125
0 0.71640625 0.4640625 0.16484375 0.19453125
0 0.78515625 0.25859375 0.09921875 0.13984375
0 0.790625 0.196875 0.09296875 0.1046875
0 0.79375 0.4 0.0515625 0.16328125
0 0.73671875 0.37421875 0.06015625 0.12421875
0 0.74609375 0.640625 0.11484375 0.26640625
0 0.64453125 0.88125 0.16328125 0.2359375
0 0.36328125 0.9140625 0.31875 0.16953125
0 0.23359375 0.59375 0.09765625 0.246875
0 0.134375 0.65625 0.14296875 0.2796875
0 0.11171875 0.65625 0.06015625 0.13203125