0 0.39921875 0.3609375 0.08515625 0.20078125
0 0.58984375 0.13046875 0.071875 0.09609375
0 0.60703125 0.1546875 0.08671875 0.040625
0 0.684375 0.1984375 0.06796875 0.13125
0 0.790625 0.20546875 0.08984375 0.06171875
0 0.75625 0.28828125 0.14296875 0.078125
0 0.784375 0.403125 0.06953125 0.16875
0 0.56484375 0.521875 0.22578125 0.17578125
0 0.734375 0.6265625 0.10546875 0.30703125
0 0.69453125 0.884375 0.1359375 0.2296875
0 0.35078125 0.90625 0.25078125 0.1859375
0 0.246875 0.59140625 0.12265625 0.2484375
0 0.12890625 0.60859375 0.06328125 0.159375