0 0.35546875 0.81640625 0.16875 0.36484375
0 0.834375 0.66953125 0.1515625 0.28046875
0 0.89765625 0.621875 0.12890625 0.3
0 0.38671875 0.56796875 0.2125 0.35390625
0 0.2671875 0.646875 0.12265625 0.39296875
0 0.2125 0.46953125 0.05703125 0.20078125
0 0.28515625 0.4515625 0.109375 0.17421875
0 0.2984375 0.37578125 0.1078125 0.1640625
0 0.42734375 0.29453125 0.08984375 0.17890625
0 0.49921875 0.22734375 0.05234375 0.1765625
0 0.39375 0.128125 0.10703125 0.1
0 0.3 0.1734375 0.10078125 0.059375
0 0.2046875 0.20390625 0.07578125 0.08203125