0 0.57109375 0.51875 0.22109375 0.18359375
0 0.3796875 0.33359375 0.07578125 0.26796875
0 0.30546875 0.37421875 0.11953125 0.16953125
0 0.25546875 0.584375 0.14921875 0.26328125
0 0.3796875 0.8734375 0.2453125 0.25078125
0 0.6953125 0.88828125 0.13359375 0.221875
0 0.73359375 0.62109375 0.10078125 0.31875
0 0.76015625 0.390625 0.11484375 0.1453125
0 0.7578125 0.29609375 0.14765625 0.09921875
0 0.5671875 0.15703125 0.0921875 0.13125
0 0.45859375 0.259375 0.153125 0.153125
0 0.78046875 0.18203125 0.09921875 0.096875
0 0.6921875 0.1765625 0.07890625 0.05625
0 0.6171875 0.1546875 0.07109375 0.04296875