0 0.53671875 0.5765625 0.21015625 0.31953125
0 0.69296875 0.67890625 0.18515625 0.3484375
0 0.8796875 0.640625 0.13203125 0.33359375
0 0.30625 0.81640625 0.13203125 0.36484375
0 0.3703125 0.5234375 0.09375 0.39140625
0 0.22421875 0.48671875 0.07734375 0.21015625
0 0.27109375 0.46171875 0.08671875 0.1734375
0 0.240625 0.19296875 0.0984375 0.0765625
0 0.27890625 0.1875 0.09609375 0.06953125
0 0.325 0.146875 0.0703125 0.059375
0 0.35703125 0.14921875 0.06484375 0.07421875
0 0.39296875 0.15078125 0.084375 0.07109375
0 0.44765625 0.18828125 0.071875 0.1234375
0 0.44296875 0.17109375 0.09140625 0.07421875