0 0.52421875 0.71328125 0.2296875 0.2640625
0 0.8484375 0.678125 0.18203125 0.29296875
0 0.49453125 0.43046875 0.190625 0.1453125
0 0.5703125 0.359375 0.14296875 0.165625
0 0.64140625 0.31640625 0.10234375 0.22890625
0 0.4515625 0.334375 0.08828125 0.146875
0 0.30859375 0.59140625 0.23515625 0.2796875
0 0.22109375 0.44296875 0.07421875 0.18125
0 0.2984375 0.3703125 0.12578125 0.19453125
0 0.221875 0.2890625 0.05703125 0.16796875
0 0.2125 0.20078125 0.09140625 0.06015625
0 0.29375 0.15390625 0.06796875 0.09296875
0 0.35390625 0.128125 0.04921875 0.0734375
0 0.3921875 0.146875 0.09140625 0.05703125