0 0.5902777777777778 0.8166666666666667 0.26342592592592595 0.3648148148148148
0 0.28194444444444444 0.8958333333333334 0.13518518518518519 0.2064814814814815
0 0.27361111111111114 0.6675925925925926 0.1685185185185185 0.31666666666666665
0 0.14907407407407408 0.6902777777777778 0.1685185185185185 0.2953703703703704
0 0.11342592592592593 0.6574074074074074 0.13518518518518519 0.26851851851851855
0 0.2722222222222222 0.500462962962963 0.1388888888888889 0.2675925925925926
0 0.3398148148148148 0.3962962962962963 0.1550925925925926 0.1648148148148148
0 0.5314814814814814 0.16666666666666666 0.06157407407407407 0.12962962962962962
0 0.8037037037037037 0.18055555555555555 0.06851851851851852 0.12222222222222222
0 0.6958333333333333 0.8101851851851852 0.125 0.37777777777777777
0 0.6847222222222222 0.4162037037037037 0.07916666666666666 0.1638888888888889
0 0.7125 0.5796296296296296 0.2125 0.26666666666666666
0 0.7402777777777778 0.4125 0.05925925925925926 0.10648148148148148
0 0.7861111111111111 0.48194444444444445 0.0587962962962963 0.19907407407407407