0 0.4847222222222222 0.7708333333333334 0.11666666666666667 0.4564814814814815
0 0.2101851851851852 0.4773148148148148 0.04722222222222222 0.18796296296296297
0 0.26296296296296295 0.5898148148148148 0.10185185185185185 0.35185185185185186
0 0.5199074074074074 0.35509259259259257 0.16157407407407406 0.11388888888888889
0 0.7606481481481482 0.9398148148148148 0.09027777777777778 0.11851851851851852
0 0.8944444444444445 0.7125 0.06111111111111111 0.20277777777777778
0 0.862037037037037 0.6513888888888889 0.15925925925925927 0.2824074074074074
0 0.6129629629629629 0.3768518518518518 0.10833333333333334 0.17222222222222222
0 0.5453703703703704 0.22314814814814815 0.06944444444444445 0.15555555555555556
0 0.4074074074074074 0.12777777777777777 0.05185185185185185 0.1
0 0.3675925925925926 0.14027777777777778 0.03333333333333333 0.10277777777777777
0 0.3365740740740741 0.15925925925925927 0.04953703703703704 0.06481481481481481
0 0.3037037037037037 0.1675925925925926 0.07685185185185185 0.07407407407407407
0 0.21666666666666667 0.2101851851851852 0.09583333333333334 0.06851851851851852
0 0.32685185185185184 0.4393518518518518 0.12407407407407407 0.21388888888888888