0 0.38287037037037036 0.38935185185185184 0.10787037037037037 0.21944444444444444
0 0.24768518518518517 0.5726851851851852 0.1337962962962963 0.25462962962962965
0 0.5680555555555555 0.5226851851851851 0.23425925925925925 0.175
0 0.7476851851851852 0.6310185185185185 0.13194444444444445 0.3101851851851852
0 0.6337962962962963 0.8740740740740741 0.1425925925925926 0.25
0 0.7814814814814814 0.32685185185185184 0.05648148148148148 0.22407407407407406
0 0.7162037037037037 0.2902777777777778 0.0712962962962963 0.16203703703703703
0 0.6592592592592592 0.17083333333333334 0.08611111111111111 0.1287037037037037
0 0.5444444444444444 0.1638888888888889 0.05416666666666667 0.1259259259259259
0 0.5791666666666667 0.14953703703703702 0.032407407407407406 0.10277777777777777
0 0.6180555555555556 0.12268518518518519 0.06157407407407407 0.08796296296296297
0 0.674537037037037 0.1287037037037037 0.03333333333333333 0.07777777777777778
0 0.7587962962962963 0.16944444444444445 0.0875 0.08703703703703704
0 0.7171296296296297 0.1527777777777778 0.0625 0.09074074074074075