0 0.39765625 0.65 0.10390625 0.46328125
0 0.68828125 0.93203125 0.25390625 0.134375
0 0.875 0.63203125 0.06171875 0.12890625
0 0.3046875 0.81640625 0.13515625 0.365625
0 0.2171875 0.48984375 0.06328125 0.221875
0 0.2734375 0.4609375 0.08515625 0.19921875
0 0.2828125 0.496875 0.17265625 0.34375
0 0.44921875 0.16640625 0.07265625 0.08515625
0 0.3953125 0.14921875 0.08203125 0.06015625
0 0.35546875 0.1484375 0.06328125 0.071875
0 0.27890625 0.1859375 0.0921875 0.0640625
0 0.2 0.178125 0.075 0.1046875
0 0.26015625 0.14375 0.0703125 0.08984375
0 0.3234375 0.14765625 0.07578125 0.065625