0 0.54296875 0.69375 0.25703125 0.253125
0 0.38359375 0.834375 0.178125 0.32890625
0 0.684375 0.39375 0.0578125 0.13046875
0 0.74609375 0.40703125 0.1234375 0.16796875
0 0.67421875 0.58125 0.19140625 0.41328125
0 0.44140625 0.421875 0.15234375 0.28671875
0 0.15546875 0.6953125 0.19140625 0.26328125
0 0.12265625 0.6328125 0.1359375 0.24921875
0 0.39453125 0.296875 0.10625 0.18359375
0 0.50703125 0.22421875 0.13125 0.14375
0 0.6046875 0.1453125 0.08671875 0.0609375
0 0.73984375 0.1859375 0.08359375 0.09609375
0 0.80703125 0.259375 0.04140625 0.16171875
0 0.75546875 0.3 0.13046875 0.19296875