0 0.7027777777777777 0.9277777777777778 0.18611111111111112 0.1425925925925926
0 0.26851851851851855 0.7273148148148149 0.12314814814814815 0.3398148148148148
0 0.22314814814814815 0.4791666666666667 0.07407407407407407 0.19166666666666668
0 0.22407407407407406 0.2064814814814815 0.08425925925925926 0.07222222222222222
0 0.2953703703703704 0.16944444444444445 0.06157407407407407 0.07222222222222222
0 0.3472222222222222 0.15462962962962962 0.08287037037037037 0.06481481481481481
0 0.700925925925926 0.6675925925925926 0.1648148148148148 0.2388888888888889
0 0.8606481481481482 0.6518518518518519 0.15694444444444444 0.2833333333333333
0 0.6148148148148148 0.3351851851851852 0.07175925925925926 0.2037037037037037
0 0.3907407407407407 0.35 0.15787037037037038 0.19074074074074074
0 0.5231481481481481 0.3541666666666667 0.125 0.10648148148148148
0 0.4981481481481482 0.2412037037037037 0.12962962962962962 0.1638888888888889
0 0.5481481481481482 0.21342592592592594 0.09444444444444444 0.13796296296296295
0 0.2671296296296296 0.4532407407407407 0.10972222222222222 0.27870370370370373
0 0.31157407407407406 0.41805555555555557 0.08055555555555556 0.16203703703703703