0 0.49953703703703706 0.6194444444444445 0.10277777777777777 0.4074074074074074
0 0.7236111111111111 0.9300925925925926 0.12824074074074074 0.13796296296296295
0 0.21712962962962962 0.4828703703703704 0.06296296296296296 0.20462962962962963
0 0.21851851851851853 0.2101851851851852 0.09722222222222222 0.07037037037037037
0 0.27037037037037037 0.4930555555555556 0.07592592592592592 0.33055555555555555
0 0.34074074074074073 0.43842592592592594 0.09027777777777778 0.20833333333333334
0 0.3402777777777778 0.15138888888888888 0.05740740740740741 0.06944444444444445
0 0.3050925925925926 0.1675925925925926 0.0763888888888889 0.07592592592592592
0 0.39490740740740743 0.12083333333333333 0.06527777777777778 0.08981481481481482
0 0.4412037037037037 0.15925925925925927 0.062037037037037036 0.12407407407407407
0 0.5268518518518519 0.20925925925925926 0.11712962962962963 0.14629629629629629
0 0.5791666666666667 0.37962962962962965 0.16574074074074074 0.1388888888888889
0 0.7055555555555556 0.3925925925925926 0.11851851851851852 0.2537037037037037
0 0.8967592592592593 0.6861111111111111 0.05694444444444444 0.1648148148148148
0 0.8611111111111112 0.6569444444444444 0.16111111111111112 0.27685185185185185