0 0.3859375 0.70625 0.2640625 0.2359375
0 0.6890625 0.4390625 0.1703125 0.20859375
0 0.384375 0.8546875 0.228125 0.2890625
0 0.83984375 0.6765625 0.1765625 0.32109375
0 0.8984375 0.60234375 0.15 0.27890625
0 0.2890625 0.58359375 0.159375 0.434375
0 0.41015625 0.2296875 0.07890625 0.15390625
0 0.403125 0.1203125 0.0953125 0.09453125
0 0.3015625 0.178125 0.10078125 0.0703125
0 0.2046875 0.20390625 0.07265625 0.084375
0 0.21171875 0.471875 0.05703125 0.20859375
0 0.259375 0.43515625 0.06328125 0.140625
0 0.29375 0.3484375 0.10546875 0.11796875
0 0.28984375 0.58671875 0.1515625 0.21328125