0 0.5912037037037037 0.42777777777777776 0.1425925925925926 0.23148148148148148
0 0.6824074074074075 0.7342592592592593 0.17453703703703705 0.387037037037037
0 0.6611111111111111 0.925 0.12314814814814815 0.14814814814814814
0 0.3907407407407407 0.6240740740740741 0.27685185185185185 0.28703703703703703
0 0.8111111111111111 0.5967592592592592 0.09953703703703703 0.20833333333333334
0 0.8935185185185185 0.6805555555555556 0.08333333333333333 0.22407407407407406
0 0.34629629629629627 0.43194444444444446 0.20694444444444443 0.24537037037037038
0 0.4351851851851852 0.3662037037037037 0.1162037037037037 0.19722222222222222
0 0.3490740740740741 0.262037037037037 0.1050925925925926 0.1259259259259259
0 0.39675925925925926 0.13425925925925927 0.08425925925925926 0.09444444444444444
0 0.20879629629629629 0.4050925925925926 0.058333333333333334 0.18981481481481483
0 0.2587962962962963 0.3763888888888889 0.05324074074074074 0.1287037037037037
0 0.24537037037037038 0.5152777777777777 0.07083333333333333 0.15648148148148147
0 0.8949074074074074 0.7726851851851851 0.05462962962962963 0.14907407407407408