0 0.6967592592592593 0.9027777777777778 0.1736111111111111 0.1925925925925926
0 0.7013888888888888 0.6787037037037037 0.16018518518518518 0.2611111111111111
0 0.8643518518518518 0.6550925925925926 0.15787037037037038 0.28055555555555556
0 0.624537037037037 0.4111111111111111 0.14444444444444443 0.2222222222222222
0 0.5597222222222222 0.22268518518518518 0.11203703703703703 0.14722222222222223
0 0.500462962962963 0.34305555555555556 0.12175925925925926 0.10092592592592593
0 0.4027777777777778 0.11990740740740741 0.05740740740740741 0.10092592592592593
0 0.3333333333333333 0.4361111111111111 0.09814814814814815 0.20555555555555555
0 0.26990740740740743 0.7208333333333333 0.12546296296296297 0.3287037037037037
0 0.23055555555555557 0.4787037037037037 0.08796296296296297 0.19074074074074074
0 0.2574074074074074 0.38564814814814813 0.07083333333333333 0.24166666666666667
0 0.22175925925925927 0.2074074074074074 0.08333333333333333 0.07407407407407407
0 0.2986111111111111 0.1675925925925926 0.07037037037037037 0.07407407407407407
0 0.34444444444444444 0.15648148148148147 0.07546296296296297 0.07037037037037037