0 0.2935185185185185 0.36712962962962964 0.1300925925925926 0.25462962962962965
0 0.6509259259259259 0.16666666666666666 0.10092592592592593 0.07407407407407407
0 0.799537037037037 0.18472222222222223 0.08148148148148149 0.08981481481481482
0 0.8009259259259259 0.24861111111111112 0.06481481481481481 0.08055555555555556
0 0.7768518518518519 0.31574074074074077 0.11944444444444445 0.07777777777777778
0 0.7962962962962963 0.40879629629629627 0.06388888888888888 0.20833333333333334
0 0.7328703703703704 0.39166666666666666 0.07222222222222222 0.1425925925925926
0 0.700462962962963 0.4513888888888889 0.1375 0.18055555555555555
0 0.5731481481481482 0.5319444444444444 0.21574074074074073 0.18055555555555555
0 0.737037037037037 0.6777777777777778 0.14212962962962963 0.3296296296296296
0 0.6388888888888888 0.5958333333333333 0.2111111111111111 0.22870370370370371
0 0.6314814814814815 0.8115740740740741 0.19953703703703704 0.375
0 0.15787037037037038 0.6509259259259259 0.20277777777777778 0.26481481481481484
0 0.16805555555555557 0.7106481481481481 0.17592592592592593 0.2953703703703704