0 0.2902777777777778 0.15138888888888888 0.09305555555555556 0.11018518518518519
0 0.4300925925925926 0.14351851851851852 0.038425925925925926 0.12037037037037036
0 0.46574074074074073 0.16296296296296298 0.040740740740740744 0.14444444444444443
0 0.5782407407407407 0.300462962962963 0.0837962962962963 0.175
0 0.600925925925926 0.462037037037037 0.20833333333333334 0.19444444444444445
0 0.6717592592592593 0.6712962962962963 0.18888888888888888 0.35
0 0.3282407407407407 0.7736111111111111 0.2212962962962963 0.45092592592592595
0 0.3199074074074074 0.6259259259259259 0.2449074074074074 0.3296296296296296
0 0.8435185185185186 0.649074074074074 0.19212962962962962 0.2518518518518518
0 0.8333333333333334 0.7129629629629629 0.1814814814814815 0.28703703703703703
0 0.2074074074074074 0.4212962962962963 0.05694444444444444 0.2037037037037037
0 0.26342592592592595 0.39305555555555555 0.07453703703703704 0.16203703703703703
0 0.29953703703703705 0.4351851851851852 0.1337962962962963 0.1388888888888889
0 0.43287037037037035 0.5449074074074074 0.1875 0.19166666666666668