0 0.71875 0.9125 0.14296875 0.1734375
0 0.86328125 0.6515625 0.16484375 0.28125
0 0.6859375 0.67578125 0.14609375 0.31640625
0 0.63359375 0.48671875 0.171875 0.2203125
0 0.37890625 0.60859375 0.28828125 0.24453125
0 0.42890625 0.93359375 0.296875 0.13125
0 0.2765625 0.70859375 0.13828125 0.31484375
0 0.22265625 0.4703125 0.07421875 0.18671875
0 0.43125 0.271875 0.12265625 0.1796875
0 0.51875 0.35390625 0.15390625 0.11484375
0 0.621875 0.290625 0.10546875 0.1890625
0 0.4375 0.1515625 0.03359375 0.1203125
0 0.35 0.15390625 0.0859375 0.075
0 0.29765625 0.165625 0.07734375 0.0765625
0 0.2140625 0.184375 0.065625 0.11953125