0 0.37421875 0.1328125 0.0859375 0.11171875
0 0.6515625 0.371875 0.12890625 0.16875
0 0.19609375 0.265625 0.06640625 0.10390625
0 0.221875 0.31875 0.11328125 0.07578125
0 0.203125 0.41015625 0.06796875 0.1890625
0 0.27890625 0.39609375 0.08828125 0.1515625
0 0.328125 0.46640625 0.2015625 0.15703125
0 0.42265625 0.5265625 0.21328125 0.15546875
0 0.25078125 0.68046875 0.11484375 0.3046875
0 0.35703125 0.828125 0.19296875 0.34140625
0 0.36796875 0.62265625 0.234375 0.19140625
0 0.61796875 0.89375 0.18359375 0.2109375
0 0.84140625 0.640625 0.18046875 0.2453125
0 0.834375 0.703125 0.17109375 0.27578125
0 0.628125 0.5890625 0.2671875 0.284375