0 0.64765625 0.871875 0.284375 0.2546875
0 0.7296875 0.6375 0.12421875 0.24375
0 0.84375 0.67421875 0.18046875 0.2703125
0 0.88828125 0.646875 0.12734375 0.21640625
0 0.81171875 0.47578125 0.10390625 0.184375
0 0.31328125 0.81875 0.15078125 0.36015625
0 0.40546875 0.7265625 0.1359375 0.5453125
0 0.325 0.49453125 0.20546875 0.33671875
0 0.21875 0.48359375 0.06640625 0.19921875
0 0.25703125 0.42578125 0.06328125 0.1359375
0 0.3046875 0.38671875 0.05234375 0.10859375
0 0.27890625 0.18828125 0.09765625 0.0609375
0 0.34453125 0.140625 0.0875 0.103125
0 0.70546875 0.40390625 0.14140625 0.228125