0 0.49140625 0.9078125 0.225 0.18203125
0 0.2890625 0.81328125 0.15859375 0.37109375
0 0.65546875 0.84140625 0.27109375 0.315625
0 0.778125 0.60078125 0.2 0.25859375
0 0.9078125 0.7171875 0.08984375 0.203125
0 0.89609375 0.58671875 0.10546875 0.13125
0 0.66484375 0.39921875 0.15625 0.1796875
0 0.41015625 0.43984375 0.16328125 0.321875
0 0.22109375 0.48359375 0.071875 0.203125
0 0.27578125 0.4671875 0.09140625 0.20625
0 0.321875 0.43125 0.0921875 0.18515625
0 0.3796875 0.134375 0.1 0.08515625
0 0.4609375 0.14921875 0.0734375 0.13125
0 0.4125 0.28046875 0.05859375 0.17421875