0 0.612037037037037 0.6949074074074074 0.26944444444444443 0.25277777777777777
0 0.6185185185185185 0.8356481481481481 0.23425925925925925 0.32685185185185184
0 0.2564814814814815 0.4324074074074074 0.13425925925925927 0.24074074074074073
0 0.10787037037037037 0.624537037037037 0.11666666666666667 0.2898148148148148
0 0.17592592592592593 0.7037037037037037 0.22777777777777777 0.22962962962962963
0 0.20416666666666666 0.586574074074074 0.15324074074074073 0.125
0 0.6282407407407408 0.33194444444444443 0.06712962962962964 0.2064814814814815
0 0.6101851851851852 0.1259259259259259 0.07546296296296297 0.09259259259259259
0 0.7300925925925926 0.22916666666666666 0.125 0.1527777777777778
0 0.7805555555555556 0.475462962962963 0.07083333333333333 0.21574074074074073
0 0.7152777777777778 0.45416666666666666 0.10416666666666667 0.18425925925925926
0 0.6814814814814815 0.38935185185185184 0.08842592592592592 0.175
0 0.7986111111111112 0.20555555555555555 0.06666666666666667 0.08888888888888889