0 0.4759259259259259 0.7134259259259259 0.22962962962962963 0.2638888888888889
0 0.15138888888888888 0.6777777777777778 0.1824074074074074 0.29259259259259257
0 0.5050925925925925 0.4300925925925926 0.19074074074074074 0.14537037037037037
0 0.42962962962962964 0.3597222222222222 0.14305555555555555 0.16574074074074074
0 0.3587962962962963 0.3162037037037037 0.10185185185185185 0.22870370370370371
0 0.5481481481481482 0.3347222222222222 0.08796296296296297 0.14722222222222223
0 0.6912037037037037 0.5916666666666667 0.2351851851851852 0.2796296296296296
0 0.7787037037037037 0.4425925925925926 0.07407407407407407 0.1814814814814815
0 0.7013888888888888 0.37037037037037035 0.1259259259259259 0.19444444444444445
0 0.7782407407407408 0.28935185185185186 0.05740740740740741 0.1675925925925926
0 0.7870370370370371 0.20046296296296295 0.0912037037037037 0.06018518518518518
0 0.7064814814814815 0.1537037037037037 0.06805555555555555 0.09259259259259259
0 0.6458333333333334 0.12824074074074074 0.049074074074074076 0.07314814814814814
0 0.6078703703703704 0.14722222222222223 0.0912037037037037 0.05740740740740741