0 0.3578125 0.6625 0.2265625 0.2640625
0 0.39296875 0.5265625 0.19375 0.2890625
0 0.1796875 0.68671875 0.171875 0.24609375
0 0.1203125 0.6484375 0.13828125 0.2484375
0 0.30078125 0.9140625 0.19921875 0.1703125
0 0.6625 0.81875 0.13984375 0.36015625
0 0.74375 0.67109375 0.11015625 0.33359375
0 0.7078125 0.5609375 0.1609375 0.25859375
0 0.715625 0.4390625 0.10859375 0.15625
0 0.78828125 0.453125 0.05546875 0.16796875
0 0.7953125 0.20234375 0.07265625 0.0859375
0 0.69921875 0.178125 0.10546875 0.065625
0 0.52265625 0.22578125 0.08125 0.175
0 0.33671875 0.3828125 0.15625 0.20859375