0 0.67109375 0.8140625 0.13671875 0.36875
0 0.74296875 0.69375 0.10234375 0.315625
0 0.69609375 0.54296875 0.17734375 0.2546875
0 0.6296875 0.45625 0.17890625 0.21015625
0 0.71796875 0.3421875 0.13046875 0.215625
0 0.5421875 0.171875 0.071875 0.09296875
0 0.69765625 0.17578125 0.10625 0.075
0 0.79453125 0.2046875 0.08203125 0.08671875
0 0.7921875 0.46484375 0.0515625 0.190625
0 0.25390625 0.42578125 0.11015625 0.18359375
0 0.19375 0.51875 0.15703125 0.2296875
0 0.121875 0.634375 0.16875 0.19453125
0 0.1609375 0.71640625 0.1796875 0.24609375
0 0.1078125 0.55078125 0.134375 0.18671875