0 0.72890625 0.48828125 0.14921875 0.2234375
0 0.38984375 0.12578125 0.04921875 0.10078125
0 0.42890625 0.14296875 0.034375 0.13046875
0 0.46640625 0.1625 0.04140625 0.13046875
0 0.21015625 0.421875 0.059375 0.203125
0 0.26640625 0.4109375 0.0671875 0.21953125
0 0.2640625 0.54921875 0.11484375 0.35859375
0 0.340625 0.64375 0.21640625 0.36953125
0 0.4265625 0.54375 0.22890625 0.15703125
0 0.49140625 0.86875 0.10546875 0.2609375
0 0.66328125 0.73671875 0.19296875 0.41328125
0 0.84765625 0.64921875 0.18359375 0.2765625
0 0.8265625 0.70625 0.17734375 0.29296875
0 0.32890625 0.42734375 0.075 0.12890625