0 0.64453125 0.4390625 0.16640625 0.225
0 0.4203125 0.334375 0.13984375 0.23125
0 0.3390625 0.22421875 0.13515625 0.15390625
0 0.23046875 0.23359375 0.09765625 0.16953125
0 0.20546875 0.4015625 0.05078125 0.16796875
0 0.26328125 0.37578125 0.06171875 0.1109375
0 0.2796875 0.4515625 0.17109375 0.171875
0 0.2421875 0.63203125 0.08828125 0.246875
0 0.4234375 0.5484375 0.221875 0.1984375
0 0.353125 0.72734375 0.2421875 0.2953125
0 0.6484375 0.8984375 0.26953125 0.2015625
0 0.75234375 0.59453125 0.11171875 0.2390625
0 0.86796875 0.66328125 0.09375 0.30625
0 0.91875 0.715625 0.04609375 0.13515625