0 0.3148148148148148 0.8162037037037037 0.1398148148148148 0.36574074074074076
0 0.14166666666666666 0.6541666666666667 0.1259259259259259 0.36944444444444446
0 0.6935185185185185 0.812962962962963 0.13055555555555556 0.37222222222222223
0 0.5509259259259259 0.6587962962962963 0.17777777777777778 0.4361111111111111
0 0.7833333333333333 0.4837962962962963 0.06481481481481481 0.20833333333333334
0 0.7435185185185185 0.41388888888888886 0.053703703703703705 0.1037037037037037
0 0.6921296296296297 0.5032407407407408 0.19537037037037036 0.3398148148148148
0 0.7648148148148148 0.2962962962962963 0.1361111111111111 0.17407407407407408
0 0.5513888888888889 0.16296296296296298 0.07361111111111111 0.09074074074074075
0 0.6055555555555555 0.14675925925925926 0.0824074074074074 0.06759259259259259
0 0.6425925925925926 0.14814814814814814 0.06018518518518518 0.07592592592592592
0 0.6782407407407407 0.15648148148148147 0.06759259259259259 0.08888888888888889
0 0.7185185185185186 0.1884259259259259 0.09259259259259259 0.06944444444444445
0 0.7587962962962963 0.19212962962962962 0.09259259259259259 0.07685185185185185