0 0.37175925925925923 0.8587962962962963 0.2763888888888889 0.28055555555555556
0 0.2611111111111111 0.6708333333333333 0.1412037037037037 0.3287037037037037
0 0.15462962962962962 0.6861111111111111 0.1675925925925926 0.2851851851851852
0 0.11666666666666667 0.6407407407407407 0.13842592592592592 0.2814814814814815
0 0.14444444444444443 0.5513888888888889 0.12129629629629629 0.27685185185185185
0 0.6976851851851852 0.8115740740740741 0.1287037037037037 0.375
0 0.2875 0.4041666666666667 0.15648148148148147 0.23055555555555557
0 0.41712962962962963 0.25416666666666665 0.07037037037037037 0.19537037037037036
0 0.6782407407407407 0.4375 0.09212962962962963 0.19722222222222222
0 0.7791666666666667 0.48148148148148145 0.07083333333333333 0.2037037037037037
0 0.7305555555555555 0.4615740740740741 0.08194444444444444 0.1935185185185185
0 0.8023148148148148 0.26064814814814813 0.04537037037037037 0.1712962962962963
0 0.7180555555555556 0.17916666666666667 0.09861111111111111 0.06018518518518518
0 0.6351851851851852 0.12638888888888888 0.09074074074074075 0.09722222222222222