0 0.2162037037037037 0.21203703703703702 0.09814814814814815 0.07037037037037037
0 0.22870370370370371 0.34074074074074073 0.10138888888888889 0.12222222222222222
0 0.22870370370370371 0.4648148148148148 0.09074074074074075 0.21296296296296297
0 0.700462962962963 0.7245370370370371 0.1449074074074074 0.4842592592592593
0 0.8953703703703704 0.6574074074074074 0.11481481481481481 0.32592592592592595
0 0.7782407407407408 0.48333333333333334 0.18981481481481483 0.2777777777777778
0 0.6078703703703704 0.4263888888888889 0.10046296296296296 0.21574074074074073
0 0.4708333333333333 0.4425925925925926 0.18518518518518517 0.17962962962962964
0 0.4648148148148148 0.3449074074074074 0.11851851851851852 0.11574074074074074
0 0.37083333333333335 0.337037037037037 0.15185185185185185 0.2
0 0.43657407407407406 0.14814814814814814 0.03611111111111111 0.12222222222222222
0 0.3675925925925926 0.14629629629629629 0.07592592592592592 0.05925925925925926
0 0.26342592592592595 0.1574074074074074 0.055092592592592596 0.1
0 0.31157407407407406 0.15787037037037038 0.06712962962962964 0.06759259259259259