0 0.7518518518518519 0.5314814814814814 0.13055555555555556 0.17037037037037037
0 0.6990740740740741 0.7532407407407408 0.18333333333333332 0.31203703703703706
0 0.4324074074074074 0.5212962962962963 0.2351851851851852 0.17777777777777778
0 0.26944444444444443 0.6310185185185185 0.10555555555555556 0.32314814814814813
0 0.3074074074074074 0.8865740740740741 0.13472222222222222 0.225
0 0.2351851851851852 0.4 0.11018518518518519 0.17037037037037037
0 0.24351851851851852 0.29212962962962963 0.14166666666666666 0.09166666666666666
0 0.4324074074074074 0.15648148148148147 0.09166666666666666 0.12962962962962962
0 0.5453703703703704 0.22824074074074074 0.13472222222222222 0.0787037037037037
0 0.5351851851851852 0.3212962962962963 0.16111111111111112 0.2
0 0.6578703703703703 0.38055555555555554 0.11203703703703703 0.20555555555555555
0 0.2162037037037037 0.18611111111111112 0.09166666666666666 0.10925925925925926
0 0.3055555555555556 0.17731481481481481 0.08888888888888889 0.04722222222222222
0 0.3699074074074074 0.15601851851851853 0.04259259259259259 0.03981481481481482