0 0.44537037037037036 0.1527777777777778 0.04953703703703704 0.12777777777777777
0 0.31805555555555554 0.1476851851851852 0.10555555555555556 0.11018518518518519
0 0.3287037037037037 0.17731481481481481 0.10972222222222222 0.07685185185185185
0 0.20555555555555555 0.2550925925925926 0.07453703703703704 0.07685185185185185
0 0.23055555555555557 0.31666666666666665 0.11342592592592593 0.07592592592592592
0 0.20462962962962963 0.3972222222222222 0.06527777777777778 0.1814814814814815
0 0.26666666666666666 0.39166666666666666 0.06666666666666667 0.1425925925925926
0 0.2828703703703704 0.4791666666666667 0.1638888888888889 0.21944444444444444
0 0.4305555555555556 0.5347222222222222 0.2212962962962963 0.18796296296296297
0 0.3638888888888889 0.625 0.21574074074074073 0.1962962962962963
0 0.2708333333333333 0.6972222222222222 0.13240740740740742 0.3074074074074074
0 0.3712962962962963 0.8222222222222222 0.20694444444444443 0.34629629629629627
0 0.8407407407407408 0.6523148148148148 0.19490740740740742 0.26944444444444443
0 0.8305555555555556 0.7055555555555556 0.17824074074074073 0.2814814814814815