0 0.3 0.6865740740740741 0.1625 0.32685185185185184
0 0.12129629629629629 0.625 0.15185185185185185 0.2777777777777778
0 0.6930555555555555 0.8152777777777778 0.13055555555555556 0.3675925925925926
0 0.5064814814814815 0.6194444444444445 0.26666666666666666 0.337037037037037
0 0.674074074074074 0.500462962962963 0.17546296296296296 0.36018518518518516
0 0.5513888888888889 0.1675925925925926 0.07222222222222222 0.08148148148148149
0 0.7805555555555556 0.48703703703703705 0.07083333333333333 0.20555555555555555
0 0.7393518518518518 0.4513888888888889 0.06527777777777778 0.175
0 0.7537037037037037 0.29768518518518516 0.13148148148148148 0.17685185185185184
0 0.7574074074074074 0.19490740740740742 0.09166666666666666 0.07685185185185185
0 0.7189814814814814 0.18425925925925926 0.0962962962962963 0.06111111111111111
0 0.6796296296296296 0.14953703703703702 0.07175925925925926 0.06574074074074074
0 0.6106481481481482 0.1398148148148148 0.07777777777777778 0.07222222222222222
0 0.6449074074074074 0.14907407407407408 0.06157407407407407 0.07407407407407407