0 0.653125 0.78125 0.1359375 0.43515625
0 0.83046875 0.58828125 0.08984375 0.134375
0 0.75078125 0.50078125 0.07734375 0.2546875
0 0.6546875 0.3140625 0.13515625 0.22109375
0 0.55 0.58046875 0.15078125 0.29453125
0 0.2421875 0.46640625 0.07265625 0.340625
0 0.29609375 0.56640625 0.07890625 0.38984375
0 0.33359375 0.746875 0.15078125 0.38515625
0 0.45859375 0.16875 0.05546875 0.0734375
0 0.4265625 0.159375 0.08671875 0.13515625
0 0.38671875 0.13046875 0.05859375 0.08046875
0 0.34921875 0.13359375 0.05078125 0.09453125
0 0.28359375 0.146875 0.08828125 0.10625
0 0.215625 0.17890625 0.07421875 0.09921875