0 0.2796296296296296 0.6518518518518519 0.15138888888888888 0.3907407407407407
0 0.1388888888888889 0.6759259259259259 0.15925925925925927 0.29259259259259257
0 0.7236111111111111 0.6314814814814815 0.15416666666666667 0.3388888888888889
0 0.4949074074074074 0.4425925925925926 0.175 0.16111111111111112
0 0.42685185185185187 0.35555555555555557 0.15185185185185185 0.14629629629629629
0 0.5680555555555555 0.3509259259259259 0.13657407407407407 0.14814814814814814
0 0.5888888888888889 0.2574074074074074 0.13148148148148148 0.18888888888888888
0 0.5481481481481482 0.1398148148148148 0.05324074074074074 0.12037037037037036
0 0.6092592592592593 0.12222222222222222 0.08009259259259259 0.09259259259259259
0 0.6800925925925926 0.12453703703703704 0.08888888888888889 0.07685185185185185
0 0.7615740740740741 0.19953703703703704 0.08009259259259259 0.14722222222222223
0 0.6847222222222222 0.17407407407407408 0.07685185185185185 0.05
0 0.8087962962962963 0.21296296296296297 0.04814814814814815 0.07037037037037037
0 0.7763888888888889 0.44537037037037036 0.08055555555555556 0.17407407407407408