0 0.14453125 0.590625 0.2203125 0.30859375
0 0.109375 0.5640625 0.14765625 0.23671875
0 0.328125 0.746875 0.17578125 0.38984375
0 0.66015625 0.66953125 0.23828125 0.38359375
0 0.5546875 0.34921875 0.10234375 0.153125
0 0.76953125 0.46640625 0.09453125 0.22578125
0 0.5453125 0.16953125 0.06875 0.0765625
0 0.60390625 0.121875 0.03984375 0.08828125
0 0.6984375 0.29609375 0.05234375 0.178125
0 0.771875 0.34140625 0.10078125 0.11640625
0 0.753125 0.21875 0.10078125 0.1109375
0 0.6859375 0.1671875 0.09453125 0.05859375
0 0.73359375 0.13828125 0.0828125 0.06953125
0 0.81796875 0.21328125 0.03828125 0.05390625