0 0.575 0.2984375 0.1109375 0.20078125
0 0.48671875 0.1890625 0.05546875 0.16484375
0 0.43125 0.5265625 0.21953125 0.18203125
0 0.728125 0.59296875 0.15546875 0.246875
0 0.8609375 0.65078125 0.13828125 0.26484375
0 0.90078125 0.72109375 0.07578125 0.18203125
0 0.6296875 0.92734375 0.28203125 0.14375
0 0.33515625 0.87890625 0.103125 0.23984375
0 0.31796875 0.690625 0.14140625 0.3015625
0 0.23828125 0.63984375 0.08515625 0.271875
0 0.284375 0.4515625 0.16796875 0.18515625
0 0.2390625 0.3109375 0.12578125 0.075
0 0.265625 0.36171875 0.07265625 0.12109375
0 0.2078125 0.3984375 0.05078125 0.153125