0 0.44583333333333336 0.8402777777777778 0.26666666666666666 0.3175925925925926
0 0.28055555555555556 0.9 0.14074074074074075 0.19814814814814816
0 0.5907407407407408 0.8087962962962963 0.25416666666666665 0.38055555555555554
0 0.6236111111111111 0.6643518518518519 0.11712962962962963 0.3435185185185185
0 0.7092592592592593 0.8078703703703703 0.10277777777777777 0.3824074074074074
0 0.31342592592592594 0.5189814814814815 0.15324074074074073 0.21388888888888888
0 0.1685185185185185 0.6615740740740741 0.1962962962962963 0.38425925925925924
0 0.11666666666666667 0.6578703703703703 0.11481481481481481 0.24537037037037038
0 0.34814814814814815 0.3712962962962963 0.08425925925925926 0.1388888888888889
0 0.46296296296296297 0.25925925925925924 0.08009259259259259 0.17037037037037037
0 0.6796296296296296 0.43148148148148147 0.0875 0.18703703703703703
0 0.7240740740740741 0.4666666666666667 0.09259259259259259 0.19814814814814816
0 0.7768518518518519 0.4824074074074074 0.07407407407407407 0.20555555555555555
0 0.7902777777777777 0.18425925925925926 0.09212962962962963 0.13518518518518519