0 0.49537037037037035 0.44537037037037036 0.17407407407407408 0.17222222222222222
0 0.2828703703703704 0.649074074074074 0.15185185185185185 0.37407407407407406
0 0.14351851851851852 0.675 0.1648148148148148 0.29074074074074074
0 0.7217592592592592 0.6296296296296297 0.15462962962962962 0.3277777777777778
0 0.7759259259259259 0.44722222222222224 0.08333333333333333 0.17222222222222222
0 0.6569444444444444 0.31296296296296294 0.1587962962962963 0.1814814814814815
0 0.6074074074074074 0.23842592592592593 0.06944444444444445 0.13055555555555556
0 0.5675925925925925 0.34305555555555556 0.12916666666666668 0.16018518518518518
0 0.42685185185185187 0.35185185185185186 0.15 0.15
0 0.549074074074074 0.15324074074074073 0.055092592592592596 0.13796296296296295
0 0.6129629629629629 0.125 0.07685185185185185 0.09259259259259259
0 0.7101851851851851 0.13472222222222222 0.08009259259259259 0.08425925925925926
0 0.6949074074074074 0.17731481481481481 0.08287037037037037 0.05277777777777778
0 0.7856481481481481 0.19675925925925927 0.08611111111111111 0.06018518518518518