0 0.41203703703703703 0.5259259259259259 0.16620370370370371 0.26666666666666666
0 0.47962962962962963 0.4152777777777778 0.12638888888888888 0.1175925925925926
0 0.44537037037037036 0.32685185185185184 0.08981481481481482 0.11851851851851852
0 0.5648148148148148 0.3333333333333333 0.14305555555555555 0.12037037037037036
0 0.6356481481481482 0.3037037037037037 0.1162037037037037 0.2388888888888889
0 0.5893518518518519 0.425 0.0962962962962963 0.21296296296296297
0 0.7486111111111111 0.6481481481481481 0.1162037037037037 0.3685185185185185
0 0.8555555555555555 0.6847222222222222 0.1675925925925926 0.287962962962963
0 0.2263888888888889 0.4634259259259259 0.08703703703703704 0.2101851851851852
0 0.22824074074074074 0.32546296296296295 0.10462962962962963 0.09166666666666666
0 0.20046296296296295 0.2300925925925926 0.06944444444444445 0.1638888888888889
0 0.2810185185185185 0.14212962962962963 0.08194444444444444 0.09537037037037037
0 0.3106481481481482 0.16157407407407406 0.08055555555555556 0.06388888888888888
0 0.2263888888888889 0.1675925925925926 0.03981481481481482 0.08518518518518518