0 0.56875 0.14453125 0.03515625 0.121875
0 0.6703125 0.203125 0.0484375 0.13671875
0 0.7953125 0.196875 0.08515625 0.11640625
0 0.75625 0.28828125 0.1421875 0.09296875
0 0.78125 0.41171875 0.07265625 0.18515625
0 0.68671875 0.459375 0.103125 0.1984375
0 0.6484375 0.47734375 0.14296875 0.26015625
0 0.528125 0.51875 0.11640625 0.17578125
0 0.42578125 0.47734375 0.09921875 0.25625
0 0.253125 0.578125 0.1484375 0.26015625
0 0.1609375 0.60390625 0.09921875 0.17421875
0 0.6578125 0.75078125 0.27265625 0.34140625
0 0.69375 0.89140625 0.13046875 0.215625
0 0.75703125 0.5796875 0.07890625 0.17421875