0 0.2773148148148148 0.9254629629629629 0.12546296296296297 0.14722222222222223
0 0.3523148148148148 0.5699074074074074 0.1986111111111111 0.262037037037037
0 0.6819444444444445 0.8916666666666667 0.11851851851851852 0.21481481481481482
0 0.7379629629629629 0.6791666666666667 0.11481481481481481 0.2712962962962963
0 0.7138888888888889 0.5083333333333333 0.08194444444444444 0.25925925925925924
0 0.7837962962962963 0.47314814814814815 0.06157407407407407 0.18518518518518517
0 0.8032407407407407 0.29953703703703705 0.046296296296296294 0.18055555555555555
0 0.7328703703703704 0.18981481481481483 0.09722222222222222 0.06481481481481481
0 0.6342592592592593 0.29074074074074074 0.16111111111111112 0.17962962962962964
0 0.475462962962963 0.33425925925925926 0.20925925925925926 0.18333333333333332
0 0.14074074074074075 0.6425925925925926 0.1638888888888889 0.2722222222222222
0 0.1425925925925926 0.6981481481481482 0.13240740740740742 0.22592592592592592
0 0.6092592592592593 0.12314814814814815 0.0712962962962963 0.08518518518518518
0 0.5527777777777778 0.15092592592592594 0.046296296296296294 0.11666666666666667