0 0.42734375 0.26484375 0.1234375 0.1703125
0 0.23828125 0.6390625 0.09140625 0.34375
0 0.134375 0.65078125 0.15078125 0.25546875
0 0.1421875 0.703125 0.13515625 0.27578125
0 0.56875 0.52890625 0.22109375 0.18046875
0 0.68046875 0.47578125 0.19921875 0.15546875
0 0.38125 0.8859375 0.1921875 0.22578125
0 0.63828125 0.83046875 0.21015625 0.33828125
0 0.74375 0.69375 0.13046875 0.31328125
0 0.63046875 0.61796875 0.22109375 0.2015625
0 0.7921875 0.16796875 0.096875 0.11796875
0 0.8046875 0.25546875 0.06328125 0.08046875
0 0.77890625 0.3171875 0.11328125 0.0765625
0 0.79296875 0.41015625 0.06796875 0.20390625
0 0.72109375 0.39375 0.09375 0.1390625