0 0.42268518518518516 0.8300925925925926 0.12129629629629629 0.33796296296296297
0 0.6430555555555556 0.8004629629629629 0.12175925925925926 0.33240740740740743
0 0.3263888888888889 0.6893518518518519 0.17314814814814813 0.4064814814814815
0 0.17407407407407408 0.5662037037037037 0.1865740740740741 0.33425925925925926
0 0.09953703703703703 0.6337962962962963 0.10092592592592593 0.30833333333333335
0 0.7398148148148148 0.6847222222222222 0.1125 0.2972222222222222
0 0.7615740740740741 0.47175925925925927 0.11018518518518519 0.20092592592592592
0 0.6953703703703704 0.3287037037037037 0.1388888888888889 0.18333333333333332
0 0.5074074074074074 0.21435185185185185 0.049074074074074076 0.16574074074074074
0 0.5921296296296297 0.14814814814814814 0.05694444444444444 0.1037037037037037
0 0.6976851851851852 0.1736111111111111 0.10046296296296296 0.06388888888888888
0 0.6240740740740741 0.1162037037037037 0.07361111111111111 0.08425925925925926
0 0.5518518518518518 0.16666666666666666 0.059722222222222225 0.08333333333333333
0 0.13703703703703704 0.6231481481481481 0.062037037037037036 0.11851851851851852