0 0.6458333333333334 0.75 0.2800925925925926 0.26851851851851855
0 0.350462962962963 0.9203703703703704 0.25972222222222224 0.1574074074074074
0 0.10787037037037037 0.6675925925925926 0.06157407407407407 0.1574074074074074
0 0.19953703703703704 0.5625 0.1638888888888889 0.20092592592592592
0 0.5037037037037037 0.600462962962963 0.13194444444444445 0.35648148148148145
0 0.41759259259259257 0.3814814814814815 0.1712962962962963 0.1388888888888889
0 0.4046296296296296 0.29398148148148145 0.17175925925925925 0.1638888888888889
0 0.5513888888888889 0.15833333333333333 0.062037037037037036 0.12962962962962962
0 0.587037037037037 0.16111111111111112 0.05185185185185185 0.1425925925925926
0 0.7754629629629629 0.4828703703703704 0.0787037037037037 0.20277777777777778
0 0.6768518518518518 0.43703703703703706 0.12129629629629629 0.20925925925925926
0 0.7680555555555556 0.37083333333333335 0.08425925925925926 0.20277777777777778
0 0.711574074074074 0.14907407407407408 0.037037037037037035 0.1
0 0.6620370370370371 0.15462962962962962 0.062037037037037036 0.07777777777777778
0 0.7805555555555556 0.2125 0.09907407407407408 0.075