0 0.57890625 0.53671875 0.2296875 0.16015625
0 0.33828125 0.903125 0.23203125 0.19140625
0 0.1296875 0.6609375 0.14453125 0.2859375
0 0.50234375 0.42578125 0.1921875 0.13359375
0 0.4328125 0.3578125 0.14921875 0.15078125
0 0.61484375 0.27265625 0.13515625 0.165625
0 0.56875 0.35078125 0.11953125 0.14140625
0 0.7046875 0.4140625 0.09453125 0.29921875
0 0.72734375 0.63359375 0.171875 0.33125
0 0.75 0.32421875 0.16015625 0.1765625
0 0.78671875 0.24296875 0.059375 0.10390625
0 0.7875 0.19921875 0.09140625 0.05078125
0 0.709375 0.146875 0.08828125 0.1046875
0 0.60625 0.125 0.0890625 0.090625