0 0.2759259259259259 0.9212962962962963 0.10648148148148148 0.15555555555555556
0 0.10231481481481482 0.6921296296296297 0.05787037037037037 0.1527777777777778
0 0.13842592592592592 0.6550925925925926 0.15787037037037038 0.28055555555555556
0 0.4597222222222222 0.5722222222222222 0.22777777777777777 0.29259259259259257
0 0.4199074074074074 0.37777777777777777 0.15833333333333333 0.15
0 0.5101851851851852 0.18333333333333332 0.04259259259259259 0.13333333333333333
0 0.4439814814814815 0.2375 0.08888888888888889 0.15833333333333333
0 0.5976851851851852 0.12129629629629629 0.08472222222222223 0.08333333333333333
0 0.6611111111111111 0.15138888888888888 0.05462962962962963 0.0712962962962963
0 0.6939814814814815 0.16527777777777777 0.08287037037037037 0.0787037037037037
0 0.7833333333333333 0.20972222222222223 0.09583333333333334 0.06944444444444445
0 0.7736111111111111 0.48333333333333334 0.08009259259259259 0.2037037037037037
0 0.7027777777777777 0.4162037037037037 0.11990740740740741 0.2324074074074074
0 0.6657407407407407 0.4203703703703704 0.09444444444444444 0.1814814814814815
0 0.5013888888888889 0.2462962962962963 0.046296296296296294 0.15555555555555556