0 0.14953703703703702 0.6083333333333333 0.07962962962962963 0.1685185185185185
0 0.674074074074074 0.6476851851851851 0.2351851851851852 0.3990740740740741
0 0.7680555555555556 0.5902777777777778 0.0912037037037037 0.22870370370370371
0 0.4888888888888889 0.44675925925925924 0.15833333333333333 0.16574074074074074
0 0.42453703703703705 0.3587962962962963 0.15092592592592594 0.15648148148148147
0 0.55 0.3523148148148148 0.08657407407407407 0.15833333333333333
0 0.6305555555555555 0.3287037037037037 0.07916666666666666 0.2462962962962963
0 0.7768518518518519 0.44074074074074077 0.08333333333333333 0.16666666666666666
0 0.7763888888888889 0.275 0.09537037037037037 0.17407407407407408
0 0.7236111111111111 0.15694444444444444 0.05 0.11203703703703703
0 0.6907407407407408 0.14027777777777778 0.05648148148148148 0.08055555555555556
0 0.6138888888888889 0.15046296296296297 0.09722222222222222 0.06759259259259259
0 0.7921296296296296 0.20416666666666666 0.09212962962962963 0.06388888888888888
0 0.15231481481481482 0.675 0.17777777777777778 0.2777777777777778