0 0.27265625 0.90703125 0.11171875 0.184375
0 0.6390625 0.71484375 0.2484375 0.36484375
0 0.775 0.48125 0.07890625 0.20546875
0 0.7796875 0.209375 0.10234375 0.08203125
0 0.6765625 0.41796875 0.1203125 0.175
0 0.7171875 0.565625 0.14921875 0.396875
0 0.42109375 0.38359375 0.16484375 0.1390625
0 0.3203125 0.434375 0.0859375 0.221875
0 0.4125 0.275 0.08828125 0.1609375
0 0.56640625 0.15 0.06640625 0.11640625
0 0.6640625 0.14921875 0.06484375 0.078125
0 0.6171875 0.14375 0.0515625 0.04921875
0 0.2359375 0.5203125 0.0875 0.10546875
0 0.1390625 0.56953125 0.15703125 0.13515625
0 0.103125 0.7015625 0.08515625 0.20703125