0 0.3236111111111111 0.7597222222222222 0.18287037037037038 0.4064814814814815
0 0.13703703703703704 0.6453703703703704 0.1550925925925926 0.3333333333333333
0 0.10462962962962963 0.6 0.11712962962962963 0.2759259259259259
0 0.5550925925925926 0.35 0.10092592592592593 0.15925925925925927
0 0.7694444444444445 0.4652777777777778 0.09212962962962963 0.21944444444444444
0 0.6865740740740741 0.32916666666666666 0.08796296296296297 0.17314814814814813
0 0.7717592592592593 0.33564814814814814 0.1 0.10648148148148148
0 0.5472222222222223 0.16898148148148148 0.06620370370370371 0.0787037037037037
0 0.6027777777777777 0.1162037037037037 0.05648148148148148 0.10833333333333334
0 0.6402777777777777 0.20879629629629629 0.03981481481481482 0.16574074074074074
0 0.6967592592592593 0.125 0.08287037037037037 0.07592592592592592
0 0.7513888888888889 0.21805555555555556 0.11342592592592593 0.1175925925925926
0 0.8166666666666667 0.2111111111111111 0.02824074074074074 0.05740740740740741
0 0.6851851851851852 0.1638888888888889 0.07083333333333333 0.05925925925925926