0 0.70859375 0.81328125 0.15859375 0.37109375
0 0.61015625 0.80234375 0.28359375 0.36015625
0 0.62421875 0.41640625 0.1 0.23671875
0 0.6953125 0.4609375 0.11328125 0.22578125
0 0.7765625 0.48203125 0.0703125 0.20625
0 0.803125 0.1765625 0.06171875 0.11953125
0 0.6046875 0.146875 0.07109375 0.075
0 0.33515625 0.40390625 0.15546875 0.278125
0 0.2 0.62109375 0.1703125 0.221875
0 0.09453125 0.71640625 0.07734375 0.21640625
0 0.08359375 0.6390625 0.0796875 0.23984375
0 0.2625 0.92734375 0.11171875 0.14375
0 0.665625 0.92109375 0.12109375 0.15546875