0 0.7217592592592592 0.9226851851851852 0.1537037037037037 0.1527777777777778
0 0.47962962962962963 0.6666666666666666 0.1375 0.4648148148148148
0 0.30648148148148147 0.8166666666666667 0.12962962962962962 0.3648148148148148
0 0.5462962962962963 0.2652777777777778 0.13287037037037036 0.15648148148148147
0 0.28055555555555556 0.1824074074074074 0.10138888888888889 0.05925925925925926
0 0.35833333333333334 0.15787037037037038 0.08333333333333333 0.058333333333333334
0 0.46111111111111114 0.46064814814814814 0.2222222222222222 0.2361111111111111
0 0.22037037037037038 0.48333333333333334 0.07037037037037037 0.2
0 0.2726851851851852 0.462037037037037 0.0837962962962963 0.2
0 0.3226851851851852 0.43287037037037035 0.0912037037037037 0.18981481481481483
0 0.7736111111111111 0.6300925925925925 0.1162037037037037 0.36203703703703705
0 0.8717592592592592 0.6388888888888888 0.17453703703703705 0.2611111111111111
0 0.8865740740740741 0.6361111111111111 0.1162037037037037 0.30925925925925923
0 0.5125 0.9050925925925926 0.10740740740740741 0.18796296296296297