0 0.4671296296296296 0.4337962962962963 0.19722222222222222 0.15462962962962962
0 0.6726851851851852 0.725925925925926 0.2962962962962963 0.2722222222222222
0 0.7726851851851851 0.5375 0.13472222222222222 0.175
0 0.8939814814814815 0.6305555555555555 0.11388888888888889 0.3592592592592593
0 0.225 0.4648148148148148 0.08333333333333333 0.21666666666666667
0 0.33055555555555555 0.39444444444444443 0.09722222222222222 0.20555555555555555
0 0.4666666666666667 0.3384259259259259 0.1175925925925926 0.10833333333333334
0 0.6092592592592593 0.4263888888888889 0.1050925925925926 0.21944444444444444
0 0.22777777777777777 0.35509259259259257 0.10324074074074074 0.14351851851851852
0 0.2152777777777778 0.22361111111111112 0.05324074074074074 0.15648148148148147
0 0.27361111111111114 0.15601851851851853 0.04537037037037037 0.10833333333333334
0 0.3138888888888889 0.15324074074074073 0.06111111111111111 0.0712962962962963
0 0.37407407407407406 0.14907407407407408 0.08796296296296297 0.05555555555555555
0 0.21203703703703702 0.20462962962962963 0.08703703703703704 0.053703703703703705