0 0.665625 0.884375 0.19375 0.22890625
0 0.86640625 0.67109375 0.134375 0.34375
0 0.30703125 0.8140625 0.128125 0.36953125
0 0.3953125 0.63359375 0.1015625 0.43515625
0 0.2125 0.48203125 0.053125 0.20390625
0 0.25859375 0.403125 0.05625 0.0859375
0 0.29453125 0.50234375 0.20390625 0.32890625
0 0.44921875 0.1671875 0.07421875 0.0859375
0 0.3953125 0.1484375 0.0828125 0.05703125
0 0.3578125 0.1484375 0.06171875 0.0734375
0 0.28046875 0.184375 0.09609375 0.06953125
0 0.321875 0.1484375 0.06796875 0.07109375
0 0.240625 0.19296875 0.0921875 0.078125
0 0.1984375 0.18359375 0.06171875 0.115625