0 0.6171296296296296 0.38935185185185184 0.10787037037037037 0.21944444444444444
0 0.7523148148148148 0.5726851851851852 0.1337962962962963 0.25462962962962965
0 0.43194444444444446 0.5226851851851851 0.23425925925925925 0.175
0 0.2523148148148148 0.6310185185185185 0.13194444444444445 0.3101851851851852
0 0.3662037037037037 0.8740740740740741 0.1425925925925926 0.25
0 0.21851851851851853 0.32685185185185184 0.05648148148148148 0.22407407407407406
0 0.28379629629629627 0.2902777777777778 0.0712962962962963 0.16203703703703703
0 0.34074074074074073 0.17083333333333334 0.08611111111111111 0.1287037037037037
0 0.45555555555555555 0.1638888888888889 0.05416666666666667 0.1259259259259259
0 0.42083333333333334 0.14953703703703702 0.032407407407407406 0.10277777777777777
0 0.3819444444444444 0.12268518518518519 0.06157407407407407 0.08796296296296297
0 0.32546296296296295 0.1287037037037037 0.03333333333333333 0.07777777777777778
0 0.2412037037037037 0.16944444444444445 0.0875 0.08703703703703704
0 0.2828703703703704 0.1527777777777778 0.0625 0.09074074074074075