0 0.4337962962962963 0.5458333333333333 0.13703703703703704 0.287962962962963
0 0.3226851851851852 0.8115740740740741 0.11944444444444445 0.375
0 0.16203703703703703 0.6814814814814815 0.2152777777777778 0.2351851851851852
0 0.11851851851851852 0.6398148148148148 0.1175925925925926 0.32407407407407407
0 0.6648148148148149 0.8074074074074075 0.14814814814814814 0.362962962962963
0 0.6319444444444444 0.475462962962963 0.16111111111111112 0.3287037037037037
0 0.5185185185185185 0.22037037037037038 0.06157407407407407 0.1814814814814815
0 0.6935185185185185 0.17083333333333334 0.10185185185185185 0.07314814814814814
0 0.7916666666666666 0.20092592592592592 0.07824074074074074 0.09074074074074075
0 0.7870370370370371 0.4634259259259259 0.05787037037037037 0.18425925925925926
0 0.7287037037037037 0.43148148148148147 0.07592592592592592 0.13703703703703704
0 0.7 0.5800925925925926 0.15185185185185185 0.24722222222222223
0 0.7449074074074075 0.6805555555555556 0.11296296296296296 0.28703703703703703
0 0.32731481481481484 0.38287037037037036 0.16296296296296298 0.2361111111111111