0 0.62578125 0.1328125 0.0859375 0.11171875
0 0.3484375 0.371875 0.12890625 0.16875
0 0.80390625 0.265625 0.06640625 0.10390625
0 0.778125 0.31875 0.11328125 0.07578125
0 0.796875 0.41015625 0.06796875 0.1890625
0 0.72109375 0.39609375 0.08828125 0.1515625
0 0.671875 0.46640625 0.2015625 0.15703125
0 0.57734375 0.5265625 0.21328125 0.15546875
0 0.74921875 0.68046875 0.11484375 0.3046875
0 0.64296875 0.828125 0.19296875 0.34140625
0 0.63203125 0.62265625 0.234375 0.19140625
0 0.38203125 0.89375 0.18359375 0.2109375
0 0.15859375 0.640625 0.18046875 0.2453125
0 0.165625 0.703125 0.17109375 0.27578125
0 0.371875 0.5890625 0.2671875 0.284375