0 0.25390625 0.54609375 0.125 0.2703125
0 0.45078125 0.35234375 0.09296875 0.146875
0 0.678125 0.7671875 0.18203125 0.41015625
0 0.7296875 0.6140625 0.1484375 0.21875
0 0.85703125 0.66953125 0.13671875 0.328125
0 0.87734375 0.59375 0.14375 0.33203125
0 0.3109375 0.171875 0.0921875 0.0546875
0 0.36171875 0.13203125 0.08515625 0.0796875
0 0.39296875 0.11875 0.09375 0.08671875
0 0.28125 0.14375 0.07578125 0.0609375
0 0.22109375 0.1875 0.10390625 0.1140625
0 0.2078125 0.33359375 0.0609375 0.1
0 0.2625 0.35078125 0.07734375 0.17890625