0 0.4671875 0.6984375 0.25546875 0.44296875
0 0.52578125 0.60546875 0.103125 0.30078125
0 0.33125 0.571875 0.11484375 0.4203125
0 0.8265625 0.5984375 0.0796875 0.18359375
0 0.88671875 0.68359375 0.09765625 0.36328125
0 0.50625 0.2765625 0.125 0.16171875
0 0.28046875 0.4671875 0.1765625 0.303125
0 0.4515625 0.159375 0.06640625 0.06015625
0 0.48515625 0.19296875 0.10703125 0.11796875
0 0.39453125 0.128125 0.05234375 0.1046875
0 0.3 0.24375 0.1375 0.15859375
0 0.271875 0.14375 0.04453125 0.0734375
0 0.20625 0.3125 0.06484375 0.19140625