0 0.3296296296296296 0.8148148148148148 0.1300925925925926 0.3592592592592593
0 0.6962962962962963 0.6462962962962963 0.15648148148148147 0.37777777777777777
0 0.8342592592592593 0.6347222222222222 0.16018518518518518 0.3101851851851852
0 0.8768518518518519 0.6236111111111111 0.1388888888888889 0.2916666666666667
0 0.7902777777777777 0.45046296296296295 0.1 0.16574074074074074
0 0.4546296296296296 0.16296296296296298 0.07592592592592592 0.1
0 0.3680555555555556 0.387037037037037 0.07361111111111111 0.2074074074074074
0 0.26435185185185184 0.35648148148148145 0.1527777777777778 0.22592592592592592
0 0.30277777777777776 0.5782407407407407 0.11666666666666667 0.22314814814814815
0 0.2490740740740741 0.6819444444444445 0.11712962962962963 0.325
0 0.21435185185185185 0.4685185185185185 0.05787037037037037 0.1962962962962963
0 0.20416666666666666 0.20046296296296295 0.0824074074074074 0.0787037037037037
0 0.30277777777777776 0.17083333333333334 0.10648148148148148 0.07314814814814814
0 0.7967592592592593 0.6143518518518518 0.11805555555555555 0.14166666666666666