0 0.72265625 0.92578125 0.12578125 0.146875
0 0.64765625 0.56953125 0.1984375 0.26171875
0 0.31796875 0.89140625 0.11875 0.21484375
0 0.26171875 0.67890625 0.11484375 0.27109375
0 0.2859375 0.50859375 0.08203125 0.259375
0 0.21640625 0.4734375 0.06171875 0.18515625
0 0.196875 0.29921875 0.04609375 0.18046875
0 0.2671875 0.18984375 0.09765625 0.06484375
0 0.365625 0.290625 0.1609375 0.1796875
0 0.52421875 0.334375 0.209375 0.18359375
0 0.859375 0.64296875 0.1640625 0.271875
0 0.85703125 0.6984375 0.13203125 0.22578125
0 0.390625 0.1234375 0.07109375 0.08515625
0 0.446875 0.15078125 0.04609375 0.11640625