0 0.4050925925925926 0.5291666666666667 0.2550925925925926 0.2175925925925926
0 0.38796296296296295 0.13194444444444445 0.08148148148148149 0.08981481481481482
0 0.4337962962962963 0.21666666666666667 0.059722222222222225 0.18333333333333332
0 0.1912037037037037 0.19398148148148148 0.03518518518518519 0.10833333333333334
0 0.22916666666666666 0.2875 0.1175925925925926 0.08425925925925926
0 0.287962962962963 0.27546296296296297 0.14814814814814814 0.16018518518518518
0 0.21342592592592594 0.3912037037037037 0.06574074074074074 0.15092592592592594
0 0.3 0.44907407407407407 0.1935185185185185 0.16666666666666666
0 0.36712962962962964 0.7527777777777778 0.3509259259259259 0.3611111111111111
0 0.3087962962962963 0.8912037037037037 0.13796296296296295 0.21574074074074073
0 0.7472222222222222 0.5805555555555556 0.14722222222222223 0.2351851851851852
0 0.8384259259259259 0.600462962962963 0.10046296296296296 0.18055555555555555
0 0.24861111111111112 0.6231481481481481 0.08472222222222223 0.30185185185185187