0 0.3875 0.703125 0.26875 0.23125
0 0.3828125 0.8328125 0.228125 0.33203125
0 0.60234375 0.42578125 0.17734375 0.2140625
0 0.375 0.3375 0.06640625 0.203125
0 0.7359375 0.40859375 0.14609375 0.190625
0 0.828125 0.5078125 0.14921875 0.19140625
0 0.9015625 0.66171875 0.07890625 0.28515625
0 0.81640625 0.7265625 0.178125 0.2734375
0 0.21875 0.475 0.07421875 0.21875
0 0.28359375 0.4515625 0.10703125 0.18828125
0 0.3171875 0.38671875 0.0859375 0.1703125
0 0.3953125 0.1234375 0.09140625 0.0890625
0 0.30234375 0.17421875 0.103125 0.06328125
0 0.20546875 0.20390625 0.07734375 0.09375