0 0.35 0.896875 0.23359375 0.20390625
0 0.24375 0.65390625 0.11015625 0.328125
0 0.14765625 0.64296875 0.15234375 0.32421875
0 0.11171875 0.59609375 0.13515625 0.32421875
0 0.5484375 0.35078125 0.09296875 0.1546875
0 0.55078125 0.17421875 0.11015625 0.1265625
0 0.7625 0.38046875 0.08359375 0.22421875
0 0.796875 0.3265625 0.05859375 0.08984375
0 0.6046875 0.12109375 0.08671875 0.09921875
0 0.65078125 0.13125 0.075 0.07890625
0 0.69453125 0.175 0.08359375 0.0609375
0 0.78046875 0.19140625 0.11015625 0.12109375