0 0.7013888888888888 0.6671296296296296 0.1675925925925926 0.23796296296296296
0 0.750462962962963 0.5425925925925926 0.1337962962962963 0.1574074074074074
0 0.5560185185185185 0.3587962962962963 0.10787037037037037 0.19907407407407407
0 0.43148148148148147 0.5236111111111111 0.2337962962962963 0.18611111111111112
0 0.24444444444444444 0.30787037037037035 0.14814814814814814 0.16018518518518518
0 0.3699074074074074 0.25277777777777777 0.12222222222222222 0.16296296296296298
0 0.49212962962962964 0.20185185185185187 0.10648148148148148 0.13148148148148148
0 0.4310185185185185 0.14953703703703702 0.08472222222222223 0.09351851851851851
0 0.37083333333333335 0.15833333333333333 0.04259259259259259 0.037037037037037035
0 0.2912037037037037 0.15694444444444444 0.09583333333333334 0.10092592592592593
0 0.2671296296296296 0.6305555555555555 0.1037037037037037 0.3055555555555556
0 0.30462962962962964 0.8902777777777777 0.13425925925925927 0.2175925925925926