0 0.6888888888888889 0.6310185185185185 0.2037037037037037 0.38055555555555554
0 0.6449074074074074 0.799074074074074 0.1699074074074074 0.4
0 0.1361111111111111 0.6481481481481481 0.18194444444444444 0.22037037037037038
0 0.11064814814814815 0.5967592592592592 0.12453703703703704 0.25462962962962965
0 0.5717592592592593 0.2967592592592593 0.09305555555555556 0.17685185185185184
0 0.5282407407407408 0.20416666666666666 0.09166666666666666 0.13240740740740742
0 0.5819444444444445 0.12731481481481483 0.05324074074074074 0.10648148148148148
0 0.6967592592592593 0.1712962962962963 0.09907407407407408 0.053703703703703705
0 0.7967592592592593 0.20833333333333334 0.075 0.08148148148148149
0 0.787962962962963 0.4393518518518518 0.055092592592592596 0.14907407407407408
0 0.7046296296296296 0.362962962962963 0.11851851851851852 0.17222222222222222
0 0.7685185185185185 0.5958333333333333 0.09907407407407408 0.24351851851851852
0 0.7319444444444444 0.5305555555555556 0.08148148148148149 0.17222222222222222
0 0.7129629629629629 0.45231481481481484 0.1050925925925926 0.1787037037037037