0 0.51875 0.91171875 0.2046875 0.17421875
0 0.32265625 0.7640625 0.19921875 0.44375
0 0.08515625 0.659375 0.08671875 0.24140625
0 0.33203125 0.4 0.15078125 0.178125
0 0.421875 0.390625 0.05859375 0.2390625
0 0.490625 0.28359375 0.12265625 0.19453125
0 0.51953125 0.1609375 0.09609375 0.1546875
0 0.7203125 0.16640625 0.0890625 0.11796875
0 0.77890625 0.48359375 0.07265625 0.21015625
0 0.6390625 0.49921875 0.20546875 0.2296875
0 0.709375 0.81328125 0.15859375 0.37109375
0 0.21640625 0.53671875 0.10859375 0.15
0 0.1421875 0.6 0.0640625 0.1484375
0 0.7390625 0.4609375 0.06171875 0.19921875
0 0.69453125 0.38671875 0.06171875 0.09609375