0 0.65390625 0.909375 0.25234375 0.1796875
0 0.24453125 0.58046875 0.08671875 0.4015625
0 0.45078125 0.35078125 0.0953125 0.1484375
0 0.759375 0.66015625 0.11484375 0.35546875
0 0.84921875 0.6765625 0.1234375 0.35390625
0 0.88359375 0.6234375 0.11484375 0.378125
0 0.31171875 0.171875 0.07890625 0.0484375
0 0.3578125 0.1328125 0.0828125 0.0859375
0 0.3984375 0.11640625 0.0796875 0.090625
0 0.21796875 0.19609375 0.10546875 0.11953125
0 0.25859375 0.1390625 0.04453125 0.0546875
0 0.25234375 0.36640625 0.06796875 0.1296875
0 0.2046875 0.33359375 0.053125 0.0953125