0 0.20833333333333334 0.20462962962962963 0.08148148148148149 0.08148148148148149
0 0.3013888888888889 0.17407407407407408 0.09861111111111111 0.053703703703703705
0 0.3587962962962963 0.11851851851851852 0.044444444444444446 0.08703703703703704
0 0.22962962962962963 0.4685185185185185 0.09074074074074075 0.1962962962962963
0 0.2564814814814815 0.6935185185185185 0.11481481481481481 0.2962962962962963
0 0.32916666666666666 0.7958333333333333 0.13518518518518519 0.33425925925925926
0 0.6837962962962963 0.4777777777777778 0.1574074074074074 0.24074074074074073
0 0.7763888888888889 0.6069444444444444 0.18888888888888888 0.19537037037037036
0 0.40925925925925927 0.14583333333333334 0.07824074074074074 0.11388888888888889
0 0.46111111111111114 0.16898148148148148 0.05648148148148148 0.08611111111111111
0 0.7814814814814814 0.4685185185185185 0.06620370370370371 0.17592592592592593
0 0.874537037037037 0.6333333333333333 0.12175925925925926 0.337037037037037
0 0.8449074074074074 0.7018518518518518 0.19444444444444445 0.20925925925925926