0 0.7421296296296296 0.4962962962962963 0.0875 0.2722222222222222
0 0.41898148148148145 0.14953703703703702 0.04861111111111111 0.125
0 0.46620370370370373 0.1587962962962963 0.044444444444444446 0.14351851851851852
0 0.21203703703703702 0.41574074074074074 0.06342592592592593 0.19074074074074074
0 0.27037037037037037 0.39861111111111114 0.07685185185185185 0.1638888888888889
0 0.2662037037037037 0.5398148148148149 0.125 0.32037037037037036
0 0.4310185185185185 0.5449074074074074 0.22453703703703703 0.14907407407407408
0 0.6662037037037037 0.7472222222222222 0.2222222222222222 0.4185185185185185
0 0.3907407407407407 0.7962962962962963 0.33611111111111114 0.337037037037037
0 0.3472222222222222 0.6532407407407408 0.2657407407407407 0.262037037037037
0 0.5680555555555555 0.8495370370370371 0.13240740740740742 0.29907407407407405
0 0.8481481481481481 0.6425925925925926 0.1865740740740741 0.2740740740740741
0 0.8282407407407407 0.7046296296296296 0.1763888888888889 0.28703703703703703
0 0.3138888888888889 0.4162037037037037 0.10787037037037037 0.11203703703703703