0 0.70859375 0.90703125 0.1390625 0.184375
0 0.8546875 0.59296875 0.0703125 0.21328125
0 0.89921875 0.740625 0.08203125 0.18984375
0 0.31484375 0.60546875 0.21328125 0.403125
0 0.4953125 0.3796875 0.14921875 0.1390625
0 0.66640625 0.4640625 0.15390625 0.203125
0 0.43984375 0.2890625 0.13203125 0.1046875
0 0.4578125 0.17578125 0.07109375 0.084375
0 0.38828125 0.20625 0.06640625 0.1640625
0 0.39453125 0.10859375 0.05390625 0.08359375
0 0.32734375 0.14140625 0.0890625 0.1
0 0.2484375 0.33203125 0.0875 0.18125
0 0.2171875 0.47109375 0.06796875 0.1984375
0 0.28359375 0.5359375 0.16953125 0.33828125