0 0.321875 0.41953125 0.11328125 0.178125
0 0.26640625 0.72109375 0.11953125 0.33359375
0 0.671875 0.91015625 0.22734375 0.178125
0 0.7046875 0.6640625 0.1609375 0.303125
0 0.859375 0.65078125 0.1578125 0.28515625
0 0.66796875 0.38828125 0.1828125 0.20859375
0 0.2203125 0.475 0.06875 0.190625
0 0.34375 0.28671875 0.05078125 0.184375
0 0.44375 0.2890625 0.08984375 0.21328125
0 0.509375 0.35546875 0.146875 0.1109375
0 0.57265625 0.24140625 0.06953125 0.11328125
0 0.2765625 0.4921875 0.09921875 0.2359375
0 0.2984375 0.165625 0.06953125 0.07421875
0 0.34453125 0.1609375 0.07265625 0.05078125
0 0.40703125 0.14140625 0.08515625 0.1046875