0 0.5361111111111111 0.5208333333333334 0.09212962962962963 0.1638888888888889
0 0.6856481481481481 0.5435185185185185 0.2587962962962963 0.18888888888888888
0 0.47685185185185186 0.23657407407407408 0.11203703703703703 0.14907407407407408
0 0.7342592592592593 0.16342592592592592 0.10046296296296296 0.10092592592592593
0 0.7930555555555555 0.3925925925925926 0.05 0.15555555555555556
0 0.7384259259259259 0.38657407407407407 0.05694444444444444 0.14907407407407408
0 0.4162037037037037 0.5527777777777778 0.2074074074074074 0.22407407407407406
0 0.30833333333333335 0.8287037037037037 0.2791666666666667 0.34074074074074073
0 0.38333333333333336 0.9324074074074075 0.09259259259259259 0.13333333333333333
0 0.6097222222222223 0.7555555555555555 0.36944444444444446 0.3537037037037037
0 0.6712962962962963 0.674074074074074 0.2935185185185185 0.1648148148148148
0 0.1787037037037037 0.6509259259259259 0.22453703703703703 0.26666666666666666
0 0.13287037037037036 0.6194444444444445 0.1486111111111111 0.2518518518518518
0 0.6967592592592593 0.4222222222222222 0.1300925925925926 0.10925925925925926