0 0.721875 0.92265625 0.15390625 0.153125
0 0.4796875 0.66640625 0.1375 0.46484375
0 0.30625 0.81640625 0.1296875 0.36484375
0 0.54609375 0.265625 0.1328125 0.15625
0 0.28046875 0.18203125 0.1015625 0.059375
0 0.35859375 0.1578125 0.08359375 0.05859375
0 0.4609375 0.4609375 0.22265625 0.2359375
0 0.2203125 0.48359375 0.0703125 0.2
0 0.27265625 0.46171875 0.08359375 0.2
0 0.32265625 0.4328125 0.09140625 0.18984375
0 0.7734375 0.63046875 0.11640625 0.36171875
0 0.871875 0.6390625 0.17421875 0.2609375
0 0.88671875 0.6359375 0.11640625 0.309375
0 0.5125 0.90546875 0.10703125 0.18828125