0 0.5726851851851852 0.26481481481481484 0.12361111111111112 0.17037037037037037
0 0.7620370370370371 0.6393518518518518 0.09166666666666666 0.3435185185185185
0 0.8657407407407407 0.6509259259259259 0.15046296296296297 0.25555555555555554
0 0.8574074074074074 0.7027777777777777 0.13472222222222222 0.2759259259259259
0 0.43148148148148147 0.5291666666666667 0.2212962962962963 0.18055555555555555
0 0.3199074074074074 0.4759259259259259 0.19907407407407407 0.15555555555555556
0 0.6185185185185185 0.8861111111111111 0.19212962962962962 0.22592592592592592
0 0.36157407407407405 0.8300925925925926 0.20972222222222223 0.33796296296296297
0 0.2564814814814815 0.6935185185185185 0.13055555555555556 0.31296296296296294
0 0.36944444444444446 0.6175925925925926 0.22083333333333333 0.20185185185185187
0 0.20787037037037037 0.16805555555555557 0.09675925925925925 0.1175925925925926
0 0.19537037037037036 0.2550925925925926 0.06296296296296296 0.08055555555555556
0 0.2212962962962963 0.31712962962962965 0.11296296296296296 0.07685185185185185
0 0.20694444444444443 0.4101851851851852 0.06805555555555555 0.2037037037037037
0 0.27870370370370373 0.39351851851851855 0.09351851851851851 0.1388888888888889