0 0.36157407407407405 0.9171296296296296 0.14444444444444443 0.1638888888888889
0 0.15555555555555556 0.6189814814814815 0.18796296296296297 0.30277777777777776
0 0.7342592592592593 0.6930555555555555 0.12175925925925926 0.30277777777777776
0 0.687962962962963 0.8958333333333334 0.13287037037037036 0.2064814814814815
0 0.7833333333333333 0.46944444444444444 0.0625 0.19074074074074074
0 0.7157407407407408 0.5111111111111111 0.08148148148148149 0.25555555555555554
0 0.5236111111111111 0.34120370370370373 0.17453703703703705 0.19722222222222222
0 0.5888888888888889 0.2375 0.12222222222222222 0.13796296296296295
0 0.5574074074074075 0.15138888888888888 0.0587962962962963 0.1175925925925926
0 0.6106481481481482 0.12361111111111112 0.06712962962962964 0.08796296296296297
0 0.7361111111111112 0.19398148148148148 0.09814814814814815 0.07314814814814814
0 0.44212962962962965 0.325 0.030555555555555555 0.09444444444444444
0 0.487962962962963 0.2759259259259259 0.07314814814814814 0.07222222222222222