0 0.5722222222222222 0.8472222222222222 0.10277777777777777 0.3037037037037037
0 0.7199074074074074 0.9291666666666667 0.21203703703703702 0.1398148148148148
0 0.4027777777777778 0.8222222222222222 0.11296296296296296 0.3537037037037037
0 0.4773148148148148 0.6361111111111111 0.09722222222222222 0.32592592592592595
0 0.28888888888888886 0.8152777777777778 0.15046296296296297 0.3675925925925926
0 0.22175925925925927 0.47824074074074074 0.075 0.20277777777777778
0 0.30925925925925923 0.46111111111111114 0.12129629629629629 0.22962962962962963
0 0.39537037037037037 0.14537037037037037 0.07222222222222222 0.06111111111111111
0 0.20601851851851852 0.18009259259259258 0.08888888888888889 0.11574074074074074
0 0.600925925925926 0.36342592592592593 0.09444444444444444 0.2861111111111111
0 0.6657407407407407 0.3912037037037037 0.14907407407407408 0.1712962962962963
0 0.8245370370370371 0.6342592592592593 0.1537037037037037 0.18703703703703703
0 0.7949074074074074 0.5254629629629629 0.13148148148148148 0.13425925925925927
0 0.9069444444444444 0.7509259259259259 0.09907407407407408 0.2351851851851852
0 0.899537037037037 0.5847222222222223 0.10277777777777777 0.14166666666666666