0 0.4703703703703704 0.8675925925925926 0.32916666666666666 0.26296296296296295
0 0.39444444444444443 0.8111111111111111 0.24305555555555555 0.25
0 0.38842592592592595 0.7050925925925926 0.2759259259259259 0.2324074074074074
0 0.7152777777777778 0.611574074074074 0.17083333333333334 0.3638888888888889
0 0.825462962962963 0.6027777777777777 0.13796296296296295 0.21481481481481482
0 0.6921296296296297 0.45185185185185184 0.21296296296296297 0.23703703703703705
0 0.35324074074074074 0.3592592592592593 0.09351851851851851 0.17777777777777778
0 0.39675925925925926 0.15462962962962962 0.08842592592592592 0.05555555555555555
0 0.3060185185185185 0.17222222222222222 0.09861111111111111 0.06296296296296296
0 0.2324074074074074 0.45 0.10092592592592593 0.20185185185185187
0 0.29953703703703705 0.4356481481481482 0.12824074074074074 0.23981481481481481
0 0.30925925925925923 0.38287037037037036 0.07962962962962963 0.1287037037037037
0 0.21805555555555556 0.28935185185185186 0.09074074074074075 0.19166666666666668
0 0.20879629629629629 0.19722222222222222 0.08148148148148149 0.08148148148148149