0 0.38333333333333336 0.42592592592592593 0.17175925925925925 0.2574074074074074
0 0.3143518518518518 0.3976851851851852 0.15555555555555556 0.18425925925925926
0 0.5268518518518519 0.23055555555555557 0.1050925925925926 0.1388888888888889
0 0.43148148148148147 0.5222222222222223 0.10462962962962963 0.24814814814814815
0 0.5842592592592593 0.5421296296296296 0.21481481481481482 0.1675925925925926
0 0.7129629629629629 0.47638888888888886 0.15787037037037038 0.2101851851851852
0 0.7930555555555555 0.41064814814814815 0.05185185185185185 0.18981481481481483
0 0.7402777777777778 0.39305555555555555 0.06527777777777778 0.1675925925925926
0 0.6759259259259259 0.6370370370370371 0.25416666666666665 0.2351851851851852
0 0.3712962962962963 0.7578703703703704 0.25462962962962965 0.2564814814814815
0 0.687962962962963 0.8430555555555556 0.18194444444444444 0.31203703703703706
0 0.1685185185185185 0.5699074074074074 0.07222222222222222 0.13240740740740742
0 0.1037037037037037 0.7611111111111111 0.0587962962962963 0.16296296296296298
0 0.1 0.6763888888888889 0.0824074074074074 0.20277777777777778