0 0.68203125 0.746875 0.15390625 0.5046875
0 0.43203125 0.51640625 0.22265625 0.153125
0 0.8421875 0.63671875 0.18828125 0.25390625
0 0.83203125 0.69609375 0.178125 0.2609375
0 0.390625 0.1203125 0.10625 0.10390625
0 0.278125 0.3921875 0.09765625 0.12890625
0 0.20703125 0.25703125 0.06875 0.09296875
0 0.225 0.31171875 0.09921875 0.071875
0 0.209375 0.40625 0.0640625 0.1859375
0 0.3171875 0.46640625 0.1890625 0.12890625
0 0.359375 0.61171875 0.21796875 0.16796875
0 0.36328125 0.8265625 0.18515625 0.3453125
0 0.46328125 0.87890625 0.16796875 0.240625
0 0.25859375 0.68359375 0.1203125 0.290625