0 0.3578703703703704 0.6625 0.2263888888888889 0.2638888888888889
0 0.39305555555555555 0.5268518518518519 0.1935185185185185 0.28888888888888886
0 0.17962962962962964 0.687037037037037 0.17175925925925925 0.2462962962962963
0 0.12037037037037036 0.6481481481481481 0.13796296296296295 0.24814814814814815
0 0.300462962962963 0.9138888888888889 0.19907407407407407 0.17037037037037037
0 0.662962962962963 0.8189814814814815 0.14027777777777778 0.36018518518518516
0 0.7435185185185185 0.6712962962962963 0.11018518518518519 0.3333333333333333
0 0.7078703703703704 0.5606481481481481 0.16111111111111112 0.25833333333333336
0 0.7157407407407408 0.4393518518518518 0.10833333333333334 0.15648148148148147
0 0.788425925925926 0.4532407407407407 0.05555555555555555 0.1675925925925926
0 0.7953703703703704 0.2023148148148148 0.07314814814814814 0.08611111111111111
0 0.6990740740740741 0.17824074074074073 0.1050925925925926 0.06574074074074074
0 0.5231481481481481 0.22546296296296298 0.08148148148148149 0.175
0 0.337037037037037 0.38287037037037036 0.15648148148148147 0.20833333333333334