0 0.4125 0.5515625 0.240625 0.2203125
0 0.56328125 0.18203125 0.09140625 0.134375
0 0.6546875 0.1734375 0.1 0.07421875
0 0.771875 0.30625 0.11015625 0.1
0 0.7890625 0.41328125 0.06015625 0.18515625
0 0.73671875 0.3890625 0.06640625 0.15546875
0 0.7109375 0.44140625 0.15390625 0.15
0 0.728125 0.64609375 0.1171875 0.309375
0 0.62734375 0.59453125 0.1875 0.19140625
0 0.5796875 0.50546875 0.19765625 0.13515625
0 0.6359375 0.8140625 0.190625 0.36640625
0 0.4171875 0.7859375 0.30234375 0.33984375
0 0.15859375 0.64921875 0.18359375 0.26015625
0 0.175 0.70234375 0.17578125 0.2734375