0 0.36015625 0.73671875 0.18046875 0.43671875
0 0.746875 0.70625 0.10390625 0.20546875
0 0.86796875 0.65625 0.1609375 0.2265625
0 0.44609375 0.353125 0.10390625 0.15859375
0 0.3046875 0.39375 0.12109375 0.2796875
0 0.22421875 0.46328125 0.08671875 0.215625
0 0.45703125 0.16796875 0.0421875 0.13984375
0 0.38671875 0.12109375 0.0921875 0.1
0 0.32578125 0.19609375 0.059375 0.1484375
0 0.28671875 0.1734375 0.05234375 0.05
0 0.21640625 0.2390625 0.03984375 0.12578125
0 0.20390625 0.1515625 0.09375 0.07109375
0 0.21484375 0.20625 0.09765625 0.06015625
0 0.22890625 0.3359375 0.103125 0.10703125