0 0.524537037037037 0.8532407407407407 0.14722222222222223 0.2916666666666667
0 0.6699074074074074 0.8375 0.1412037037037037 0.32314814814814813
0 0.7185185185185186 0.6481481481481481 0.12361111111111112 0.29444444444444445
0 0.8819444444444444 0.6476851851851851 0.15555555555555556 0.287962962962963
0 0.7731481481481481 0.5328703703703703 0.09490740740740741 0.14722222222222223
0 0.6240740740740741 0.3592592592592593 0.18333333333333332 0.24259259259259258
0 0.3060185185185185 0.8171296296296297 0.13194444444444445 0.3638888888888889
0 0.2212962962962963 0.4828703703703704 0.07453703703703704 0.19537037037037036
0 0.25462962962962965 0.3958333333333333 0.04953703703703704 0.06574074074074074
0 0.31851851851851853 0.4263888888888889 0.0837962962962963 0.1675925925925926
0 0.4115740740740741 0.19722222222222222 0.04537037037037037 0.16111111111111112
0 0.47685185185185186 0.19166666666666668 0.09212962962962963 0.12962962962962962
0 0.40185185185185185 0.12453703703703704 0.1 0.09351851851851851
0 0.26157407407407407 0.5305555555555556 0.17037037037037037 0.24444444444444444
0 0.6925925925925925 0.43194444444444446 0.09305555555555556 0.1175925925925926