0 0.35703125 0.896875 0.24296875 0.20390625
0 0.103125 0.678125 0.05703125 0.16171875
0 0.19921875 0.56328125 0.1671875 0.2015625
0 0.41796875 0.378125 0.1703125 0.14140625
0 0.35625 0.3390625 0.1578125 0.19921875
0 0.475 0.540625 0.17421875 0.2265625
0 0.6296875 0.73359375 0.3140625 0.32421875
0 0.775 0.48046875 0.0765625 0.20078125
0 0.77890625 0.21171875 0.10234375 0.078125
0 0.66953125 0.16875 0.0625 0.14140625
0 0.55078125 0.14609375 0.0609375 0.12578125
0 0.615625 0.12265625 0.0734375 0.08828125
0 0.72734375 0.4453125 0.10703125 0.25703125
0 0.67109375 0.43359375 0.1125 0.20546875