0 0.7515625 0.53125 0.13046875 0.1703125
0 0.69921875 0.753125 0.18359375 0.31171875
0 0.43203125 0.52109375 0.23515625 0.178125
0 0.26953125 0.63125 0.10546875 0.3234375
0 0.3078125 0.88671875 0.13515625 0.225
0 0.23515625 0.4 0.11015625 0.1703125
0 0.24375 0.2921875 0.14140625 0.09140625
0 0.43203125 0.15625 0.09140625 0.1296875
0 0.5453125 0.228125 0.13515625 0.07890625
0 0.53515625 0.32109375 0.1609375 0.2
0 0.6578125 0.38046875 0.11171875 0.20546875
0 0.21640625 0.1859375 0.09140625 0.109375
0 0.30546875 0.17734375 0.0890625 0.046875
0 0.36953125 0.15625 0.04296875 0.03984375