0 0.3296875 0.8015625 0.23828125 0.39453125
0 0.2265625 0.65234375 0.11640625 0.1859375
0 0.12109375 0.65390625 0.1375 0.24375
0 0.37578125 0.49140625 0.17734375 0.3046875
0 0.3421875 0.36328125 0.15859375 0.18125
0 0.51640625 0.21875 0.05234375 0.18515625
0 0.584375 0.72265625 0.17109375 0.553125
0 0.67421875 0.81328125 0.1265625 0.37109375
0 0.740625 0.696875 0.10859375 0.3203125
0 0.696875 0.58046875 0.12109375 0.25078125
0 0.78046875 0.46171875 0.06796875 0.18125
0 0.7953125 0.2015625 0.07890625 0.08125
0 0.69765625 0.175 0.10078125 0.0609375
0 0.4046875 0.26328125 0.08828125 0.14453125