0 0.5046875 0.3734375 0.1546875 0.18046875
0 0.68046875 0.76953125 0.1921875 0.459375
0 0.75390625 0.56640625 0.140625 0.23828125
0 0.83984375 0.603125 0.103125 0.190625
0 0.3375 0.75859375 0.28828125 0.33515625
0 0.30390625 0.8953125 0.13359375 0.20703125
0 0.3171875 0.46171875 0.10703125 0.20390625
0 0.42890625 0.51328125 0.21484375 0.16953125
0 0.240625 0.54609375 0.0890625 0.140625
0 0.21875 0.41171875 0.07578125 0.19296875
0 0.24296875 0.2890625 0.13515625 0.0890625
0 0.41484375 0.1296875 0.07265625 0.1015625
0 0.334375 0.59765625 0.09921875 0.11953125
0 0.41484375 0.234375 0.09140625 0.153125