0 0.7109375 0.37421875 0.14921875 0.26328125
0 0.84375 0.62890625 0.19140625 0.22890625
0 0.83828125 0.68828125 0.15703125 0.2609375
0 0.61484375 0.8890625 0.1953125 0.2203125
0 0.36875 0.82265625 0.19296875 0.353125
0 0.24921875 0.6953125 0.10859375 0.31484375
0 0.3703125 0.61953125 0.21171875 0.18125
0 0.428125 0.52421875 0.21640625 0.16328125
0 0.315625 0.48046875 0.19140625 0.1453125
0 0.209375 0.4125 0.06640625 0.1953125
0 0.27890625 0.39453125 0.09140625 0.14609375
0 0.20625 0.25 0.0703125 0.07421875
0 0.22421875 0.32265625 0.09765625 0.07890625
0 0.259375 0.1671875 0.10625 0.11015625