0 0.5328703703703703 0.6097222222222223 0.23425925925925925 0.2712962962962963
0 0.2657407407407407 0.9148148148148149 0.11296296296296296 0.1685185185185185
0 0.10833333333333334 0.6972222222222222 0.058333333333333334 0.22037037037037038
0 0.12685185185185185 0.6152777777777778 0.1388888888888889 0.3712962962962963
0 0.7398148148148148 0.5773148148148148 0.07962962962962963 0.375
0 0.7861111111111111 0.47824074074074074 0.053703703703703705 0.1935185185185185
0 0.6754629629629629 0.4337962962962963 0.12083333333333333 0.20092592592592592
0 0.5314814814814814 0.3351851851851852 0.17592592592592593 0.2
0 0.3527777777777778 0.3509259259259259 0.14166666666666666 0.18888888888888888
0 0.40694444444444444 0.3800925925925926 0.13333333333333333 0.1398148148148148
0 0.5722222222222222 0.1486111111111111 0.04675925925925926 0.11203703703703703
0 0.7837962962962963 0.2111111111111111 0.09675925925925925 0.07592592592592592
0 0.6976851851851852 0.17407407407407408 0.0763888888888889 0.07777777777777778
0 0.6657407407407407 0.1597222222222222 0.046296296296296294 0.062037037037037036
0 0.6092592592592593 0.1300925925925926 0.08009259259259259 0.08611111111111111