0 0.75390625 0.5765625 0.134375 0.25390625
0 0.43046875 0.51953125 0.23203125 0.17421875
0 0.36796875 0.87578125 0.1515625 0.246875
0 0.2515625 0.62890625 0.12890625 0.3140625
0 0.27265625 0.36875 0.12421875 0.22421875
0 0.54375 0.2390625 0.0703125 0.15625
0 0.32109375 0.196875 0.08125 0.16328125
0 0.23984375 0.2359375 0.065625 0.103125
0 0.40234375 0.165625 0.08203125 0.1234375
0 0.434375 0.1203125 0.03671875 0.05390625
0 0.38359375 0.09765625 0.02890625 0.04375
0 0.24453125 0.17109375 0.08671875 0.08203125
0 0.27265625 0.134375 0.06171875 0.0546875
0 0.32421875 0.13125 0.0765625 0.06875