0 0.4981481481481482 0.3425925925925926 0.13240740740740742 0.23703703703703705
0 0.6078703703703704 0.12083333333333333 0.09537037037037037 0.10092592592592593
0 0.399537037037037 0.6226851851851852 0.12222222222222222 0.4398148148148148
0 0.2689814814814815 0.6060185185185185 0.1537037037037037 0.23055555555555557
0 0.36203703703703705 0.8925925925925926 0.2828703703703704 0.21296296296296297
0 0.6476851851851851 0.9277777777777778 0.17777777777777778 0.1425925925925926
0 0.6550925925925926 0.8092592592592592 0.24027777777777778 0.2611111111111111
0 0.6578703703703703 0.6638888888888889 0.29583333333333334 0.2462962962962963
0 0.6814814814814815 0.5319444444444444 0.25555555555555554 0.14907407407407408
0 0.5763888888888888 0.48055555555555557 0.21157407407407408 0.12962962962962962
0 0.7078703703703704 0.4412037037037037 0.1412037037037037 0.16203703703703703
0 0.7921296296296296 0.41388888888888886 0.05648148148148148 0.1925925925925926
0 0.7407407407407407 0.40046296296296297 0.06342592592592593 0.1712962962962963
0 0.13703703703703704 0.638425925925926 0.15648148148148147 0.27685185185185185
0 0.15324074074074073 0.6972222222222222 0.13796296296296295 0.2814814814814815