0 0.58984375 0.61875 0.24453125 0.25078125
0 0.35234375 0.35703125 0.159375 0.19453125
0 0.7890625 0.2609375 0.10078125 0.14609375
0 0.80078125 0.16640625 0.06171875 0.07109375
0 0.79296875 0.396875 0.05234375 0.16640625
0 0.73828125 0.378125 0.0625 0.115625
0 0.71875 0.4484375 0.16328125 0.16953125
0 0.59375 0.51953125 0.1828125 0.13515625
0 0.74375 0.63359375 0.11953125 0.2609375
0 0.7 0.87421875 0.11953125 0.25
0 0.3640625 0.90859375 0.26484375 0.18046875
0 0.2515625 0.58515625 0.1265625 0.21484375
0 0.13125 0.659375 0.13828125 0.275
0 0.10625 0.678125 0.06328125 0.16015625