0 0.340625 0.828125 0.12265625 0.34296875
0 0.2609375 0.6984375 0.10390625 0.31015625
0 0.80390625 0.6109375 0.19296875 0.26640625
0 0.865625 0.64609375 0.13203125 0.35
0 0.90078125 0.61484375 0.1109375 0.290625
0 0.75 0.440625 0.14921875 0.2140625
0 0.3703125 0.43359375 0.18984375 0.225
0 0.23671875 0.4703125 0.10078125 0.19296875
0 0.2328125 0.3015625 0.13203125 0.15078125
0 0.45703125 0.1703125 0.06640625 0.0796875
0 0.4078125 0.11953125 0.05234375 0.09375
0 0.3515625 0.1234375 0.08984375 0.071875
0 0.30078125 0.17265625 0.09765625 0.05625
0 0.21015625 0.203125 0.0828125 0.07890625