0 0.4671875 0.43359375 0.19765625 0.1546875
0 0.67265625 0.72578125 0.29609375 0.271875
0 0.77265625 0.5375 0.13515625 0.175
0 0.89375 0.63046875 0.1140625 0.359375
0 0.225 0.46484375 0.08359375 0.21640625
0 0.33046875 0.39453125 0.09765625 0.20546875
0 0.46640625 0.33828125 0.11796875 0.10859375
0 0.609375 0.4265625 0.10546875 0.21953125
0 0.22734375 0.35546875 0.103125 0.14375
0 0.21484375 0.2234375 0.053125 0.15625
0 0.2734375 0.15625 0.0453125 0.10859375
0 0.3140625 0.153125 0.0609375 0.07109375
0 0.37421875 0.14921875 0.08828125 0.05546875
0 0.2125 0.2046875 0.08671875 0.05390625