0 0.6421875 0.6625 0.2265625 0.2640625
0 0.60703125 0.5265625 0.19375 0.2890625
0 0.8203125 0.68671875 0.171875 0.24609375
0 0.8796875 0.6484375 0.13828125 0.2484375
0 0.69921875 0.9140625 0.19921875 0.1703125
0 0.3375 0.81875 0.13984375 0.36015625
0 0.25625 0.67109375 0.11015625 0.33359375
0 0.2921875 0.5609375 0.1609375 0.25859375
0 0.284375 0.4390625 0.10859375 0.15625
0 0.21171875 0.453125 0.05546875 0.16796875
0 0.2046875 0.20234375 0.07265625 0.0859375
0 0.30078125 0.178125 0.10546875 0.065625
0 0.47734375 0.22578125 0.08125 0.175
0 0.66328125 0.3828125 0.15625 0.20859375