0 0.35138888888888886 0.8569444444444444 0.26990740740740743 0.28425925925925927
0 0.3527777777777778 0.6347222222222222 0.22962962962962963 0.30648148148148147
0 0.39305555555555555 0.4875 0.13425925925925927 0.2212962962962963
0 0.1486111111111111 0.6949074074074074 0.1685185185185185 0.27685185185185185
0 0.11157407407407408 0.6273148148148148 0.1125 0.3212962962962963
0 0.6967592592592593 0.8199074074074074 0.12638888888888888 0.35833333333333334
0 0.7787037037037037 0.4837962962962963 0.0712962962962963 0.2064814814814815
0 0.6777777777777778 0.4388888888888889 0.09305555555555556 0.2037037037037037
0 0.7319444444444444 0.4625 0.08009259259259259 0.19537037037037036
0 0.5361111111111111 0.1476851851851852 0.06111111111111111 0.14722222222222223
0 0.6134259259259259 0.12685185185185185 0.053703703703703705 0.09814814814814815
0 0.6625 0.13333333333333333 0.07407407407407407 0.08333333333333333
0 0.7166666666666667 0.18518518518518517 0.10092592592592593 0.06296296296296296
0 0.7592592592592593 0.1925925925925926 0.09861111111111111 0.07037037037037037