0 0.64609375 0.85546875 0.28828125 0.28671875
0 0.86875 0.61953125 0.06328125 0.13828125
0 0.5765625 0.51875 0.24140625 0.2484375
0 0.29296875 0.7984375 0.15234375 0.31953125
0 0.21953125 0.4734375 0.08828125 0.23046875
0 0.27109375 0.45234375 0.08515625 0.18828125
0 0.3140625 0.334375 0.08203125 0.2203125
0 0.1984375 0.30625 0.06171875 0.20546875
0 0.20078125 0.21328125 0.07578125 0.05625
0 0.43671875 0.1890625 0.10390625 0.134375
0 0.3984375 0.146875 0.08046875 0.0609375
0 0.3640625 0.1515625 0.08046875 0.07109375
0 0.328125 0.15546875 0.07578125 0.06328125