0 0.5925925925925926 0.4074074074074074 0.15046296296296297 0.2111111111111111
0 0.41944444444444445 0.33287037037037037 0.14814814814814814 0.23055555555555557
0 0.25416666666666665 0.16805555555555557 0.11157407407407408 0.10462962962962963
0 0.2064814814814815 0.39444444444444443 0.053703703703703705 0.1574074074074074
0 0.26296296296296295 0.3787037037037037 0.062037037037037036 0.12037037037037036
0 0.2902777777777778 0.44305555555555554 0.14537037037037037 0.14351851851851852
0 0.24583333333333332 0.5643518518518519 0.11851851851851852 0.2101851851851852
0 0.3226851851851852 0.8226851851851852 0.19027777777777777 0.3527777777777778
0 0.42314814814814816 0.549537037037037 0.22916666666666666 0.20277777777777778
0 0.6583333333333333 0.8819444444444444 0.29074074074074074 0.23425925925925925
0 0.7490740740740741 0.5990740740740741 0.10740740740740741 0.2537037037037037
0 0.8560185185185185 0.7055555555555556 0.1287037037037037 0.26851851851851855
0 0.8680555555555556 0.6430555555555556 0.14027777777777778 0.26944444444444443
0 0.6643518518518519 0.45555555555555555 0.08888888888888889 0.2518518518518518