0 0.3109375 0.63125 0.20390625 0.38046875
0 0.35546875 0.79921875 0.16953125 0.4
0 0.8640625 0.6484375 0.18203125 0.2203125
0 0.8890625 0.596875 0.12421875 0.2546875
0 0.428125 0.296875 0.09296875 0.1765625
0 0.471875 0.20390625 0.09140625 0.13203125
0 0.41796875 0.12734375 0.053125 0.10625
0 0.303125 0.17109375 0.09921875 0.05390625
0 0.203125 0.20859375 0.075 0.08125
0 0.21171875 0.4390625 0.05546875 0.14921875
0 0.2953125 0.36328125 0.11875 0.171875
0 0.23125 0.59609375 0.09921875 0.24375
0 0.26796875 0.53046875 0.08125 0.171875
0 0.28671875 0.45234375 0.10546875 0.17890625