0 0.3515625 0.85703125 0.26953125 0.284375
0 0.353125 0.634375 0.2296875 0.30625
0 0.39296875 0.4875 0.134375 0.22109375
0 0.1484375 0.69453125 0.16875 0.2765625
0 0.11171875 0.62734375 0.1125 0.32109375
0 0.696875 0.81953125 0.1265625 0.35859375
0 0.77890625 0.48359375 0.07109375 0.20625
0 0.678125 0.4390625 0.09296875 0.20390625
0 0.73203125 0.4625 0.08046875 0.1953125
0 0.5359375 0.14765625 0.0609375 0.146875
0 0.61328125 0.1265625 0.05390625 0.0984375
0 0.6625 0.13359375 0.07421875 0.08359375
0 0.71640625 0.18515625 0.10078125 0.06328125
0 0.759375 0.19296875 0.0984375 0.0703125