0 0.41805555555555557 0.5333333333333333 0.23796296296296296 0.1574074074074074
0 0.524537037037037 0.4101851851851852 0.1763888888888889 0.14444444444444443
0 0.6587962962962963 0.4013888888888889 0.0962962962962963 0.18981481481481483
0 0.7513888888888889 0.5805555555555556 0.14629629629629629 0.26296296296296295
0 0.3087962962962963 0.8856481481481482 0.13657407407407407 0.22685185185185186
0 0.262037037037037 0.625462962962963 0.13518518518518519 0.30277777777777776
0 0.20277777777777778 0.2462962962962963 0.06759259259259259 0.14629629629629629
0 0.25 0.17314814814814813 0.06157407407407407 0.10555555555555556
0 0.3194444444444444 0.18101851851851852 0.1087962962962963 0.1175925925925926
0 0.4217592592592593 0.11944444444444445 0.04259259259259259 0.10185185185185185
0 0.38287037037037036 0.12685185185185185 0.038425925925925926 0.09259259259259259
0 0.337037037037037 0.11898148148148148 0.06388888888888888 0.0712962962962963