0 0.70703125 0.74375 0.09921875 0.43984375
0 0.3234375 0.90234375 0.19921875 0.19375
0 0.20234375 0.63203125 0.08046875 0.2
0 0.12109375 0.68125 0.08984375 0.2953125
0 0.1359375 0.58046875 0.15234375 0.2859375
0 0.3125 0.41796875 0.20703125 0.21171875
0 0.53359375 0.3609375 0.14375 0.140625
0 0.58984375 0.290625 0.15234375 0.1796875
0 0.54140625 0.1703125 0.059375 0.11484375
0 0.66171875 0.25078125 0.04921875 0.18671875
0 0.6484375 0.140625 0.0921875 0.0984375
0 0.6875 0.1390625 0.07109375 0.1109375
0 0.759375 0.171875 0.0796875 0.0953125
0 0.8109375 0.1859375 0.046875 0.08984375