0 0.3236111111111111 0.40046296296296297 0.11712962962962963 0.21574074074074073
0 0.4675925925925926 0.4412037037037037 0.1865740740740741 0.175
0 0.6097222222222223 0.42824074074074076 0.10138888888888889 0.21944444444444444
0 0.7680555555555556 0.449537037037037 0.1625 0.3175925925925926
0 0.8921296296296296 0.6347222222222222 0.1037037037037037 0.3527777777777778
0 0.7055555555555556 0.9180555555555555 0.3509259259259259 0.16203703703703703
0 0.2212962962962963 0.4587962962962963 0.07546296296296297 0.19722222222222222
0 0.225 0.3388888888888889 0.1 0.10925925925925926
0 0.2101851851851852 0.20462962962962963 0.09305555555555556 0.1574074074074074
0 0.3101851851851852 0.1638888888888889 0.06574074074074074 0.05925925925925926
0 0.3648148148148148 0.12916666666666668 0.06111111111111111 0.09166666666666666
0 0.41574074074074074 0.12777777777777777 0.03888888888888889 0.0962962962962963
0 0.4652777777777778 0.3435185185185185 0.11574074074074074 0.11296296296296296