0 0.2890625 0.81640625 0.15546875 0.36484375
0 0.6984375 0.92734375 0.28828125 0.14375
0 0.71328125 0.61640625 0.1078125 0.36875
0 0.58359375 0.4046875 0.08515625 0.24453125
0 0.6640625 0.39140625 0.1265625 0.15078125
0 0.51015625 0.2828125 0.12421875 0.184375
0 0.4703125 0.16328125 0.06328125 0.10078125
0 0.39765625 0.1234375 0.0671875 0.1046875
0 0.2203125 0.4734375 0.0703125 0.18515625
0 0.321875 0.54296875 0.234375 0.26796875
0 0.2546875 0.4125 0.04765625 0.103125
0 0.31171875 0.3859375 0.071875 0.09453125
0 0.8640625 0.6453125 0.0859375 0.18515625
0 0.88046875 0.6671875 0.10703125 0.28828125
0 0.7828125 0.53828125 0.0921875 0.1484375