0 0.4953125 0.4453125 0.17421875 0.171875
0 0.2828125 0.64921875 0.15234375 0.37421875
0 0.14375 0.675 0.16484375 0.290625
0 0.721875 0.6296875 0.1546875 0.328125
0 0.77578125 0.446875 0.08359375 0.171875
0 0.65703125 0.31328125 0.15859375 0.18125
0 0.6078125 0.23828125 0.06953125 0.13046875
0 0.56796875 0.34296875 0.12890625 0.16015625
0 0.42734375 0.3515625 0.15 0.15
0 0.54921875 0.153125 0.05546875 0.13828125
0 0.61328125 0.125 0.07734375 0.09296875
0 0.71015625 0.134375 0.08046875 0.084375
0 0.6953125 0.17734375 0.0828125 0.053125
0 0.7859375 0.196875 0.0859375 0.06015625