0 0.7171875 0.925 0.14140625 0.1484375
0 0.859375 0.696875 0.13203125 0.22578125
0 0.85859375 0.6453125 0.16171875 0.26875
0 0.62890625 0.55234375 0.2234375 0.21796875
0 0.3125 0.89609375 0.13359375 0.20546875
0 0.26328125 0.69140625 0.1171875 0.3
0 0.2875 0.50703125 0.08515625 0.253125
0 0.3671875 0.36484375 0.10703125 0.26484375
0 0.5015625 0.32421875 0.178125 0.17890625
0 0.446875 0.14765625 0.04765625 0.12109375
0 0.38984375 0.12578125 0.06953125 0.0953125
0 0.265625 0.19140625 0.1015625 0.0640625
0 0.19765625 0.290625 0.0453125 0.1796875
0 0.2171875 0.465625 0.06328125 0.18671875