0 0.15 0.60859375 0.0796875 0.16875
0 0.67421875 0.64765625 0.23515625 0.39921875
0 0.76796875 0.590625 0.09140625 0.22890625
0 0.4890625 0.446875 0.15859375 0.165625
0 0.42421875 0.35859375 0.15078125 0.15625
0 0.55 0.35234375 0.08671875 0.15859375
0 0.63046875 0.32890625 0.07890625 0.24609375
0 0.77734375 0.440625 0.08359375 0.16640625
0 0.7765625 0.275 0.0953125 0.17421875
0 0.7234375 0.15703125 0.05 0.11171875
0 0.690625 0.140625 0.05625 0.08046875
0 0.6140625 0.15078125 0.09765625 0.06796875
0 0.7921875 0.20390625 0.0921875 0.0640625
0 0.15234375 0.675 0.17734375 0.278125