0 0.27578125 0.453125 0.11796875 0.2203125
0 0.584375 0.5703125 0.2265625 0.19453125
0 0.578125 0.87734375 0.21484375 0.24375
0 0.7078125 0.48203125 0.15546875 0.26171875
0 0.58046875 0.20859375 0.10234375 0.13046875
0 0.56953125 0.11953125 0.03515625 0.078125
0 0.521875 0.15703125 0.0515625 0.12109375
0 0.46953125 0.19609375 0.05390625 0.09140625
0 0.40390625 0.28671875 0.153125 0.18125
0 0.3953125 0.4578125 0.096875 0.30625
0 0.29375 0.68828125 0.15546875 0.3203125
0 0.790625 0.41484375 0.05703125 0.18671875
0 0.73359375 0.39140625 0.078125 0.16171875
0 0.134375 0.6484375 0.15703125 0.284375
0 0.18671875 0.59375 0.1046875 0.10078125