0 0.5685185185185185 0.14444444444444443 0.03518518518518519 0.12222222222222222
0 0.6699074074074074 0.20277777777777778 0.04861111111111111 0.13703703703703704
0 0.7949074074074074 0.19722222222222222 0.08472222222222223 0.11666666666666667
0 0.7564814814814815 0.287962962962963 0.14212962962962963 0.09259259259259259
0 0.7814814814814814 0.41203703703703703 0.07314814814814814 0.18518518518518517
0 0.687037037037037 0.45925925925925926 0.10324074074074074 0.19814814814814816
0 0.6486111111111111 0.4773148148148148 0.14305555555555555 0.2601851851851852
0 0.5282407407407408 0.5185185185185185 0.1162037037037037 0.17592592592592593
0 0.42592592592592593 0.4773148148148148 0.09953703703703703 0.2564814814814815
0 0.25324074074074077 0.5782407407407407 0.1486111111111111 0.2601851851851852
0 0.16111111111111112 0.6037037037037037 0.09907407407407408 0.17407407407407408
0 0.6578703703703703 0.750462962962963 0.2722222222222222 0.3416666666666667
0 0.6939814814814815 0.8912037037037037 0.13055555555555556 0.21574074074074073
0 0.7569444444444444 0.5796296296296296 0.0787037037037037 0.17407407407407408