0 0.6569444444444444 0.836574074074074 0.2759259259259259 0.325
0 0.45694444444444443 0.9050925925925926 0.1685185185185185 0.18796296296296297
0 0.2861111111111111 0.8134259259259259 0.16203703703703703 0.3712962962962963
0 0.3976851851851852 0.6606481481481481 0.0962962962962963 0.4898148148148148
0 0.22083333333333333 0.48194444444444445 0.07314814814814814 0.2064814814814815
0 0.2740740740740741 0.4625 0.09212962962962963 0.2064814814814815
0 0.3199074074074074 0.4324074074074074 0.08703703703703704 0.18703703703703703
0 0.35694444444444445 0.27361111111111114 0.05462962962962963 0.1712962962962963
0 0.36342592592592593 0.13194444444444445 0.04814814814814815 0.09722222222222222
0 0.45046296296296295 0.1425925925925926 0.06296296296296296 0.13333333333333333
0 0.6569444444444444 0.3912037037037037 0.15462962962962962 0.1638888888888889
0 0.8148148148148148 0.6393518518518518 0.16527777777777777 0.2361111111111111
0 0.9101851851851852 0.7425925925925926 0.09814814814814815 0.2222222222222222
0 0.913425925925926 0.5879629629629629 0.08611111111111111 0.14444444444444443
0 0.7796296296296297 0.5027777777777778 0.09490740740740741 0.0962962962962963