0 0.36018518518518516 0.8305555555555556 0.15555555555555556 0.337037037037037
0 0.5694444444444444 0.4337962962962963 0.20324074074074075 0.23796296296296296
0 0.34120370370370373 0.674537037037037 0.2763888888888889 0.25462962962962965
0 0.22546296296296298 0.4828703703703704 0.07592592592592592 0.20462962962962963
0 0.3212962962962963 0.4300925925925926 0.1111111111111111 0.20277777777777778
0 0.36574074074074076 0.33194444444444443 0.05416666666666667 0.20277777777777778
0 0.3907407407407407 0.1476851851851852 0.06712962962962964 0.06944444444444445
0 0.22037037037037038 0.20694444444444443 0.10185185185185185 0.07314814814814814
0 0.2708333333333333 0.29305555555555557 0.05925925925925926 0.1824074074074074
0 0.7462962962962963 0.5824074074074074 0.16527777777777777 0.3314814814814815
0 0.9 0.6962962962962963 0.07685185185185185 0.21481481481481482
0 0.5652777777777778 0.3199074074074074 0.0787037037037037 0.06759259259259259
0 0.7208333333333333 0.9212962962962963 0.11574074074074074 0.15555555555555556
0 0.6907407407407408 0.4009259259259259 0.07685185185185185 0.14074074074074075