0 0.5296875 0.86796875 0.32890625 0.26328125
0 0.60546875 0.8109375 0.24296875 0.25
0 0.61171875 0.70546875 0.27578125 0.23203125
0 0.28515625 0.61171875 0.17109375 0.3640625
0 0.175 0.603125 0.13828125 0.21484375
0 0.3078125 0.4515625 0.21328125 0.23671875
0 0.646875 0.359375 0.09375 0.178125
0 0.603125 0.1546875 0.08828125 0.05546875
0 0.69375 0.171875 0.0984375 0.06328125
0 0.76796875 0.45 0.10078125 0.2015625
0 0.70078125 0.4359375 0.128125 0.23984375
0 0.690625 0.3828125 0.0796875 0.12890625
0 0.78203125 0.2890625 0.090625 0.19140625
0 0.79140625 0.196875 0.08125 0.08125