0 0.646875 0.81171875 0.11015625 0.34375
0 0.196875 0.64296875 0.1921875 0.30078125
0 0.22734375 0.4609375 0.12734375 0.153125
0 0.11875 0.62890625 0.14140625 0.28359375
0 0.11328125 0.53359375 0.09765625 0.14140625
0 0.45859375 0.27421875 0.12890625 0.15859375
0 0.55546875 0.21953125 0.05 0.1734375
0 0.76015625 0.47109375 0.10703125 0.19453125
0 0.7421875 0.6890625 0.1109375 0.31484375
0 0.79375 0.18828125 0.0859375 0.1
0 0.6984375 0.1734375 0.09609375 0.05390625
0 0.65546875 0.13671875 0.0859375 0.08984375
0 0.590625 0.12265625 0.05703125 0.08828125
0 0.528125 0.178125 0.03984375 0.078125