0 0.5944444444444444 0.33425925925925926 0.06527777777777778 0.23148148148148148
0 0.8685185185185185 0.6800925925925926 0.12361111111111112 0.3416666666666667
0 0.8944444444444445 0.6333333333333333 0.13240740740740742 0.3277777777777778
0 0.2777777777777778 0.6916666666666667 0.15138888888888888 0.337037037037037
0 0.23842592592592593 0.4703703703703704 0.10925925925925926 0.20185185185185187
0 0.3736111111111111 0.5652777777777778 0.1625 0.33055555555555555
0 0.538425925925926 0.35509259259259257 0.08842592592592592 0.1712962962962963
0 0.4583333333333333 0.28379629629629627 0.06851851851851852 0.13055555555555556
0 0.41759259259259257 0.1449074074074074 0.059722222222222225 0.11018518518518519
0 0.3907407407407407 0.15231481481481482 0.07407407407407407 0.05277777777777778
0 0.46111111111111114 0.16342592592592592 0.06296296296296296 0.09722222222222222
0 0.300462962962963 0.1726851851851852 0.09953703703703703 0.04537037037037037
0 0.32175925925925924 0.1398148148148148 0.08796296296296297 0.04814814814814815