0 0.34953703703703703 0.8092592592592592 0.15833333333333333 0.37962962962962965
0 0.8671296296296296 0.6638888888888889 0.1375 0.2222222222222222
0 0.8611111111111112 0.5449074074074074 0.11712962962962963 0.2175925925925926
0 0.49583333333333335 0.21898148148148147 0.06342592592592593 0.15833333333333333
0 0.42453703703703705 0.26666666666666666 0.08518518518518518 0.17222222222222222
0 0.37777777777777777 0.12037037037037036 0.06388888888888888 0.09074074074074075
0 0.3013888888888889 0.17546296296296296 0.10138888888888889 0.06388888888888888
0 0.2050925925925926 0.20185185185185187 0.07592592592592592 0.08148148148148149
0 0.2111111111111111 0.46064814814814814 0.05462962962962963 0.18796296296296297
0 0.25555555555555554 0.41388888888888886 0.05694444444444444 0.1
0 0.2800925925925926 0.3439814814814815 0.08009259259259259 0.10462962962962963
0 0.2513888888888889 0.6541666666666667 0.13148148148148148 0.38796296296296295
0 0.32037037037037036 0.6157407407407407 0.1 0.19074074074074074
0 0.2953703703703704 0.47962962962962963 0.22453703703703703 0.2351851851851852