0 0.4125 0.12578125 0.04296875 0.1203125
0 0.29140625 0.14921875 0.08046875 0.10859375
0 0.65234375 0.378125 0.13828125 0.1890625
0 0.84375 0.64609375 0.19140625 0.26796875
0 0.84296875 0.7125 0.1640625 0.2953125
0 0.43046875 0.52421875 0.21875 0.1484375
0 0.61640625 0.890625 0.18984375 0.21796875
0 0.36640625 0.83046875 0.19140625 0.33671875
0 0.2484375 0.68359375 0.11953125 0.315625
0 0.35234375 0.62578125 0.20390625 0.19921875
0 0.19609375 0.25859375 0.06171875 0.1015625
0 0.22109375 0.31875 0.10078125 0.06640625
0 0.2046875 0.40546875 0.0703125 0.17890625
0 0.28203125 0.384375 0.09375 0.125
0 0.3203125 0.4640625 0.1953125 0.134375