0 0.31796875 0.49609375 0.1390625 0.26796875
0 0.53671875 0.26015625 0.1421875 0.16484375
0 0.596875 0.12109375 0.10234375 0.09609375
0 0.79296875 0.41171875 0.05078125 0.19375
0 0.73828125 0.39296875 0.06328125 0.165625
0 0.71171875 0.4703125 0.15234375 0.23125
0 0.70546875 0.57265625 0.16484375 0.35625
0 0.5140625 0.56640625 0.1828125 0.321875
0 0.5578125 0.521875 0.18203125 0.15703125
0 0.6078125 0.7765625 0.3515625 0.259375
0 0.39453125 0.94453125 0.27421875 0.10859375
0 0.21953125 0.61875 0.17109375 0.19921875
0 0.13125 0.64296875 0.14140625 0.26015625
0 0.10546875 0.7640625 0.05703125 0.16015625