0 0.32546296296296295 0.8 0.2361111111111111 0.39814814814814814
0 0.19583333333333333 0.5532407407407407 0.14351851851851852 0.20462962962962963
0 0.11712962962962963 0.5949074074074074 0.09074074074074075 0.21574074074074073
0 0.3763888888888889 0.31527777777777777 0.1550925925925926 0.17685185185185184
0 0.5046296296296297 0.4134259259259259 0.12314814814814815 0.24351851851851852
0 0.6930555555555555 0.31527777777777777 0.11712962962962963 0.20833333333333334
0 0.5662037037037037 0.1439814814814815 0.08796296296296297 0.11574074074074074
0 0.6944444444444444 0.1736111111111111 0.10277777777777777 0.05648148148148148
0 0.7958333333333333 0.20555555555555555 0.07824074074074074 0.08148148148148149
0 0.7814814814814814 0.46574074074074073 0.07083333333333333 0.1925925925925926
0 0.6949074074074074 0.5652777777777778 0.12777777777777777 0.2564814814814815
0 0.6601851851851852 0.8162037037037037 0.16296296296296298 0.36574074074074076
0 0.7421296296296296 0.6893518518518519 0.1050925925925926 0.31203703703703706
0 0.16666666666666666 0.6967592592592593 0.16342592592592592 0.18796296296296297