0 0.38046875 0.840625 0.22265625 0.31796875
0 0.38828125 0.71796875 0.26796875 0.21953125
0 0.2953125 0.56640625 0.14921875 0.39453125
0 0.89296875 0.62890625 0.11640625 0.3140625
0 0.86328125 0.62734375 0.059375 0.103125
0 0.55390625 0.25703125 0.125 0.17109375
0 0.44609375 0.2578125 0.11015625 0.15078125
0 0.38125 0.11953125 0.07734375 0.09375
0 0.3 0.1765625 0.09921875 0.0640625
0 0.2046875 0.20546875 0.07421875 0.08203125
0 0.21015625 0.46640625 0.05546875 0.1984375
0 0.25703125 0.409375 0.06015625 0.121875
0 0.29921875 0.365625 0.11015625 0.14375
0 0.28984375 0.56640625 0.15390625 0.2234375