0 0.56640625 0.54609375 0.13671875 0.28828125
0 0.67734375 0.81171875 0.11953125 0.375
0 0.8375 0.68125 0.21484375 0.23515625
0 0.88125 0.63984375 0.11796875 0.32421875
0 0.33515625 0.80703125 0.14765625 0.36328125
0 0.36796875 0.47578125 0.1609375 0.32890625
0 0.48125 0.2203125 0.06171875 0.18125
0 0.30625 0.17109375 0.10234375 0.0734375
0 0.20859375 0.20078125 0.078125 0.090625
0 0.2125 0.46328125 0.0578125 0.184375
0 0.27109375 0.43125 0.07578125 0.13671875
0 0.3 0.58046875 0.15234375 0.246875
0 0.2546875 0.68046875 0.11328125 0.28671875
0 0.67265625 0.3828125 0.16328125 0.2359375