0 0.3203125 0.81328125 0.13984375 0.3265625
0 0.65859375 0.909375 0.221875 0.17890625
0 0.82109375 0.66328125 0.12421875 0.346875
0 0.76640625 0.490625 0.096875 0.27578125
0 0.8796875 0.65625 0.10859375 0.36484375
0 0.89921875 0.62578125 0.10390625 0.2953125
0 0.25078125 0.68671875 0.09765625 0.28125
0 0.2390625 0.503125 0.0984375 0.134375
0 0.25546875 0.43125 0.16484375 0.21015625
0 0.1984375 0.2265625 0.059375 0.12890625
0 0.45546875 0.171875 0.06953125 0.08203125
0 0.36953125 0.1265625 0.04296875 0.09609375
0 0.3 0.171875 0.10078125 0.05625
0 0.21796875 0.19296875 0.05703125 0.05390625