0 0.42407407407407405 0.6467592592592593 0.15555555555555556 0.25462962962962965
0 0.3763888888888889 0.7125 0.2212962962962963 0.31574074074074077
0 0.4046296296296296 0.45416666666666666 0.14305555555555555 0.2824074074074074
0 0.15416666666666667 0.6856481481481481 0.18981481481481483 0.24722222222222223
0 0.07916666666666666 0.5953703703703703 0.1574074074074074 0.15185185185185185
0 0.449537037037037 0.25277777777777777 0.12916666666666668 0.15185185185185185
0 0.5425925925925926 0.23425925925925925 0.12916666666666668 0.1537037037037037
0 0.6101851851851852 0.14953703703703702 0.08009259259259259 0.058333333333333334
0 0.7453703703703703 0.1763888888888889 0.05787037037037037 0.08055555555555556
0 0.7819444444444444 0.2884259259259259 0.07592592592592592 0.20462962962962963
0 0.7486111111111111 0.3060185185185185 0.12824074074074074 0.21203703703703702
0 0.7601851851851852 0.45046296296296295 0.08703703703703704 0.12314814814814815
0 0.6814814814814815 0.7231481481481481 0.1837962962962963 0.4722222222222222
0 0.6754629629629629 0.4212962962962963 0.09074074074074075 0.1925925925925926