0 0.22361111111111112 0.4810185185185185 0.07592592592592592 0.20462962962962963
0 0.3055555555555556 0.462037037037037 0.1162037037037037 0.22777777777777777
0 0.3712962962962963 0.41435185185185186 0.09722222222222222 0.24537037037037038
0 0.23703703703703705 0.17453703703703705 0.09212962962962963 0.10092592592592593
0 0.39537037037037037 0.1398148148148148 0.07453703703703704 0.08888888888888889
0 0.38101851851851853 0.7773148148148148 0.33194444444444443 0.32685185185185184
0 0.30694444444444446 0.7810185185185186 0.11944444444444445 0.3175925925925926
0 0.625462962962963 0.3680555555555556 0.07453703703703704 0.125
0 0.7129629629629629 0.45416666666666666 0.13657407407407407 0.2935185185185185
0 0.7930555555555555 0.5851851851851851 0.15 0.27037037037037037
0 0.9004629629629629 0.6037037037037037 0.09814814814814815 0.17222222222222222
0 0.9027777777777778 0.7175925925925926 0.08472222222222223 0.22592592592592592
0 0.3439814814814815 0.9157407407407407 0.14212962962962963 0.16666666666666666
0 0.7398148148148148 0.9226851851851852 0.10787037037037037 0.1527777777777778