0 0.7171875 0.4796875 0.18515625 0.19296875
0 0.459375 0.31796875 0.05234375 0.225
0 0.428125 0.1625 0.10390625 0.1046875
0 0.39921875 0.1296875 0.1015625 0.09296875
0 0.2140625 0.18828125 0.10390625 0.115625
0 0.209375 0.39296875 0.05234375 0.1453125
0 0.26796875 0.375 0.08046875 0.121875
0 0.27578125 0.60390625 0.16328125 0.32109375
0 0.41875 0.571875 0.21015625 0.18125
0 0.275 0.44921875 0.17734375 0.1734375
0 0.465625 0.87421875 0.10546875 0.24921875
0 0.6453125 0.896875 0.24140625 0.20390625
0 0.79140625 0.62578125 0.1265625 0.23984375
0 0.878125 0.65390625 0.13125 0.2640625