0 0.35390625 0.75 0.28046875 0.26875
0 0.65 0.9203125 0.26015625 0.15703125
0 0.8921875 0.66796875 0.06171875 0.15703125
0 0.8 0.5625 0.1640625 0.20078125
0 0.49609375 0.60078125 0.13203125 0.35625
0 0.5828125 0.38125 0.17109375 0.1390625
0 0.5953125 0.29375 0.171875 0.1640625
0 0.4484375 0.15859375 0.06171875 0.1296875
0 0.41328125 0.1609375 0.05234375 0.14296875
0 0.225 0.4828125 0.07890625 0.203125
0 0.3234375 0.43671875 0.12109375 0.209375
0 0.23203125 0.37109375 0.084375 0.203125
0 0.28828125 0.14921875 0.03671875 0.1
0 0.3375 0.1546875 0.06171875 0.078125
0 0.21953125 0.2125 0.09921875 0.075