0 0.565625 0.48203125 0.1703125 0.240625
0 0.68125 0.74296875 0.17265625 0.4015625
0 0.65234375 0.94375 0.1125 0.11015625
0 0.3265625 0.73203125 0.153125 0.534375
0 0.37265625 0.334375 0.07578125 0.203125
0 0.39453125 0.125 0.07890625 0.08125
0 0.20078125 0.19140625 0.06015625 0.0953125
0 0.23125 0.26640625 0.12890625 0.1359375
0 0.2109375 0.40703125 0.06015625 0.18359375
0 0.27265625 0.3796875 0.08203125 0.13515625
0 0.28359375 0.48203125 0.15234375 0.24375
0 0.415625 0.51328125 0.19921875 0.14296875
0 0.81328125 0.5875 0.10078125 0.2140625
0 0.89140625 0.65703125 0.084375 0.2390625
0 0.89296875 0.77421875 0.05390625 0.15625