0 0.7328703703703704 0.6541666666666667 0.10787037037037037 0.325
0 0.7851851851851852 0.4740740740740741 0.0712962962962963 0.2074074074074074
0 0.22777777777777777 0.5333333333333333 0.09861111111111111 0.29814814814814816
0 0.14444444444444443 0.6550925925925926 0.09814814814814815 0.3768518518518518
0 0.09537037037037037 0.6347222222222222 0.0912037037037037 0.29907407407407405
0 0.5115740740740741 0.3680555555555556 0.11574074074074074 0.15092592592592594
0 0.4791666666666667 0.23564814814814813 0.07592592592592592 0.175
0 0.538425925925926 0.2814814814814815 0.07222222222222222 0.12962962962962962
0 0.586574074074074 0.14583333333333334 0.06481481481481481 0.10833333333333334
0 0.5462962962962963 0.16620370370370371 0.07314814814814814 0.09166666666666666
0 0.6157407407407407 0.15092592592592594 0.06296296296296296 0.04259259259259259
0 0.700462962962963 0.17824074074074073 0.10324074074074074 0.058333333333333334
0 0.6768518518518518 0.1527777777777778 0.09212962962962963 0.053703703703703705