0 0.4287037037037037 0.5185185185185185 0.22083333333333333 0.18333333333333332
0 0.6199074074074075 0.3337962962962963 0.07546296296296297 0.2675925925925926
0 0.6944444444444444 0.37453703703703706 0.11990740740740741 0.16944444444444445
0 0.7444444444444445 0.5842592592592593 0.14953703703703702 0.26296296296296295
0 0.6203703703703703 0.8736111111111111 0.24537037037037038 0.25092592592592594
0 0.30462962962962964 0.887962962962963 0.1337962962962963 0.2222222222222222
0 0.2662037037037037 0.6212962962962963 0.10046296296296296 0.31851851851851853
0 0.23981481481481481 0.3902777777777778 0.11481481481481481 0.14537037037037037
0 0.24212962962962964 0.29583333333333334 0.14814814814814814 0.09907407407407408
0 0.43287037037037035 0.1574074074074074 0.09212962962962963 0.13148148148148148
0 0.5416666666666666 0.25972222222222224 0.15324074074074073 0.1527777777777778
0 0.21944444444444444 0.18194444444444444 0.09953703703703703 0.09722222222222222
0 0.3074074074074074 0.1763888888888889 0.0787037037037037 0.05648148148148148
0 0.38287037037037036 0.15462962962962962 0.0712962962962963 0.04259259259259259