0 0.37109375 0.5375 0.09921875 0.29921875
0 0.3953125 0.13203125 0.08515625 0.08515625
0 0.30234375 0.17421875 0.10546875 0.06796875
0 0.20390625 0.20546875 0.07578125 0.0890625
0 0.2203125 0.4765625 0.07421875 0.2203125
0 0.28046875 0.45078125 0.10390625 0.18125
0 0.29921875 0.38125 0.11171875 0.171875
0 0.38828125 0.7140625 0.26953125 0.2296875
0 0.38203125 0.8359375 0.23046875 0.3265625
0 0.81171875 0.68046875 0.26640625 0.2515625
0 0.7078125 0.4390625 0.08359375 0.23125
0 0.75703125 0.44609375 0.08046875 0.23125
0 0.87890625 0.5765625 0.15234375 0.27578125
0 0.85859375 0.6546875 0.17421875 0.17578125