0 0.85 0.60859375 0.0796875 0.16875
0 0.32578125 0.64765625 0.23515625 0.39921875
0 0.23203125 0.590625 0.09140625 0.22890625
0 0.5109375 0.446875 0.15859375 0.165625
0 0.57578125 0.35859375 0.15078125 0.15625
0 0.45 0.35234375 0.08671875 0.15859375
0 0.36953125 0.32890625 0.07890625 0.24609375
0 0.22265625 0.440625 0.08359375 0.16640625
0 0.2234375 0.275 0.0953125 0.17421875
0 0.2765625 0.15703125 0.05 0.11171875
0 0.309375 0.140625 0.05625 0.08046875
0 0.3859375 0.15078125 0.09765625 0.06796875
0 0.2078125 0.20390625 0.0921875 0.0640625
0 0.84765625 0.675 0.17734375 0.278125