0 0.5657407407407408 0.4824074074074074 0.17037037037037037 0.24074074074074073
0 0.6814814814814815 0.7425925925925926 0.17222222222222222 0.40185185185185185
0 0.6518518518518519 0.9439814814814815 0.1125 0.11018518518518519
0 0.3263888888888889 0.7319444444444444 0.15324074074074073 0.5342592592592592
0 0.3726851851851852 0.3347222222222222 0.07546296296296297 0.20277777777777778
0 0.39490740740740743 0.125 0.07916666666666666 0.08148148148148149
0 0.20092592592592592 0.1912037037037037 0.059722222222222225 0.09537037037037037
0 0.23148148148148148 0.2662037037037037 0.1287037037037037 0.1361111111111111
0 0.21064814814814814 0.4074074074074074 0.059722222222222225 0.18333333333333332
0 0.2722222222222222 0.37962962962962965 0.0824074074074074 0.13518518518518519
0 0.28379629629629627 0.48194444444444445 0.15185185185185185 0.24351851851851852
0 0.41574074074074074 0.512962962962963 0.19907407407407407 0.1425925925925926
0 0.812962962962963 0.5875 0.10092592592592593 0.21388888888888888
0 0.8916666666666667 0.6574074074074074 0.08425925925925926 0.2388888888888889
0 0.8925925925925926 0.774537037037037 0.05416666666666667 0.15648148148148147