0 0.42421875 0.646875 0.15546875 0.2546875
0 0.3765625 0.7125 0.22109375 0.315625
0 0.4046875 0.45390625 0.14296875 0.28203125
0 0.15390625 0.6859375 0.18984375 0.246875
0 0.07890625 0.5953125 0.15703125 0.1515625
0 0.44921875 0.253125 0.12890625 0.1515625
0 0.54296875 0.234375 0.12890625 0.15390625
0 0.61015625 0.14921875 0.08046875 0.05859375
0 0.7453125 0.1765625 0.0578125 0.08046875
0 0.78203125 0.28828125 0.07578125 0.2046875
0 0.7484375 0.30625 0.128125 0.21171875
0 0.76015625 0.45078125 0.08671875 0.1234375
0 0.68125 0.7234375 0.18359375 0.471875
0 0.67578125 0.42109375 0.090625 0.19296875