0 0.3609375 0.5140625 0.18203125 0.28125
0 0.6546875 0.68046875 0.2734375 0.3609375
0 0.721875 0.53125 0.15234375 0.309375
0 0.50234375 0.43046875 0.16171875 0.1390625
0 0.4328125 0.34765625 0.15546875 0.11953125
0 0.55 0.3484375 0.07890625 0.14296875
0 0.1515625 0.67421875 0.18203125 0.28515625
0 0.778125 0.446875 0.07734375 0.18359375
0 0.78046875 0.309375 0.10859375 0.15859375
0 0.73828125 0.2140625 0.06953125 0.16015625
0 0.72578125 0.1515625 0.04453125 0.08359375
0 0.6828125 0.13828125 0.0703125 0.0890625
0 0.60625 0.14921875 0.0859375 0.06171875
0 0.79453125 0.2015625 0.07109375 0.05859375