0 0.28828125 0.66640625 0.159375 0.3703125
0 0.13984375 0.67578125 0.16015625 0.29296875
0 0.72890625 0.6421875 0.1671875 0.31796875
0 0.775 0.4484375 0.08515625 0.178125
0 0.509375 0.42578125 0.20078125 0.140625
0 0.425 0.35703125 0.15390625 0.16015625
0 0.57109375 0.34453125 0.13359375 0.1390625
0 0.61328125 0.246875 0.1140625 0.18203125
0 0.54765625 0.15234375 0.05234375 0.11796875
0 0.6046875 0.13828125 0.08046875 0.10625
0 0.78125 0.209375 0.11796875 0.13125
0 0.696875 0.17890625 0.07890625 0.05625
0 0.63046875 0.11640625 0.05546875 0.09296875