0 0.34953703703703703 0.38472222222222224 0.08518518518518518 0.19907407407407407
0 0.4199074074074074 0.2833333333333333 0.07175925925925926 0.20925925925925926
0 0.5398148148148149 0.35833333333333334 0.14814814814814814 0.18333333333333332
0 0.7185185185185186 0.4615740740740741 0.16342592592592592 0.20833333333333334
0 0.5662037037037037 0.525 0.21851851851851853 0.18333333333333332
0 0.7597222222222222 0.30462962962962964 0.12962962962962962 0.06481481481481481
0 0.7925925925925926 0.3939814814814815 0.05416666666666667 0.14907407407407408
0 0.7277777777777777 0.37777777777777777 0.08055555555555556 0.1259259259259259
0 0.7523148148148148 0.6467592592592593 0.0912037037037037 0.2601851851851852
0 0.6578703703703703 0.7055555555555556 0.12361111111111112 0.32037037037037036
0 0.6921296296296297 0.8888888888888888 0.13194444444444445 0.22037037037037038
0 0.30972222222222223 0.6717592592592593 0.18194444444444444 0.3638888888888889
0 0.25092592592592594 0.5935185185185186 0.15092592592592594 0.2351851851851852
0 0.1388888888888889 0.6578703703703703 0.14305555555555555 0.2638888888888889