0 0.2796875 0.64296875 0.1421875 0.36875
0 0.36015625 0.30859375 0.10703125 0.23984375
0 0.5953125 0.12734375 0.0515625 0.103125
0 0.76015625 0.20546875 0.11015625 0.0765625
0 0.79140625 0.40859375 0.0578125 0.18203125
0 0.73671875 0.37890625 0.05703125 0.128125
0 0.721875 0.47265625 0.16796875 0.20859375
0 0.575 0.5234375 0.21953125 0.16875
0 0.578125 0.60390625 0.2375 0.25546875
0 0.69140625 0.83046875 0.21171875 0.33828125
0 0.32265625 0.92109375 0.2703125 0.15625
0 0.2390625 0.5515625 0.08046875 0.1609375
0 0.1421875 0.70546875 0.13671875 0.27578125
0 0.13125 0.63515625 0.1421875 0.25546875