0 0.4890625 0.81953125 0.25078125 0.35859375
0 0.278125 0.91875 0.16484375 0.16015625
0 0.69296875 0.81640625 0.13046875 0.365625
0 0.69140625 0.53203125 0.19375 0.31953125
0 0.77890625 0.4796875 0.071875 0.1984375
0 0.69296875 0.384375 0.059375 0.09140625
0 0.79375 0.28359375 0.0640625 0.19375
0 0.534375 0.1671875 0.05234375 0.13203125
0 0.43359375 0.3203125 0.07734375 0.18671875
0 0.33671875 0.39765625 0.14921875 0.18046875
0 0.27890625 0.68203125 0.15546875 0.36015625
0 0.178125 0.646875 0.1421875 0.3359375
0 0.12421875 0.659375 0.11796875 0.29921875
0 0.74296875 0.428125 0.05078125 0.12109375
0 0.23203125 0.50234375 0.07890625 0.065625