0 0.428125 0.7625 0.2578125 0.4234375
0 0.67578125 0.90859375 0.22421875 0.18046875
0 0.76015625 0.50234375 0.08515625 0.2640625
0 0.86171875 0.65625 0.16328125 0.2734375
0 0.51328125 0.35625 0.15625 0.11328125
0 0.565625 0.2625 0.0984375 0.17890625
0 0.446875 0.28125 0.08828125 0.1890625
0 0.3 0.48828125 0.19296875 0.2546875
0 0.26640625 0.70546875 0.12265625 0.3046875
0 0.2140625 0.1875 0.046875 0.10859375
0 0.29609375 0.165625 0.065625 0.07421875
0 0.35 0.15234375 0.08359375 0.0734375
0 0.340625 0.3171875 0.1296875 0.1046875
0 0.31171875 0.37890625 0.203125 0.18515625
0 0.2359375 0.43984375 0.08828125 0.25703125