0 0.41015625 0.81640625 0.26328125 0.36484375
0 0.71796875 0.89609375 0.13515625 0.20625
0 0.7265625 0.66796875 0.16875 0.31640625
0 0.85078125 0.690625 0.16875 0.2953125
0 0.88671875 0.65703125 0.13515625 0.26875
0 0.728125 0.50078125 0.1390625 0.26796875
0 0.66015625 0.39609375 0.15546875 0.16484375
0 0.46875 0.16640625 0.06171875 0.1296875
0 0.19609375 0.18046875 0.06875 0.121875
0 0.30390625 0.81015625 0.125 0.378125
0 0.31484375 0.41640625 0.07890625 0.1640625
0 0.2875 0.5796875 0.2125 0.26640625
0 0.26015625 0.4125 0.059375 0.10625
0 0.2140625 0.48203125 0.05859375 0.19921875