0 0.3597222222222222 0.737037037037037 0.18009259259259258 0.43703703703703706
0 0.7467592592592592 0.7064814814814815 0.1037037037037037 0.20555555555555555
0 0.8680555555555556 0.6560185185185186 0.16111111111111112 0.22685185185185186
0 0.4462962962962963 0.35324074074074074 0.1037037037037037 0.15833333333333333
0 0.3050925925925926 0.39351851851851855 0.12129629629629629 0.2796296296296296
0 0.22453703703703703 0.4634259259259259 0.08657407407407407 0.21574074074074073
0 0.45694444444444443 0.16805555555555557 0.04212962962962963 0.1398148148148148
0 0.38657407407407407 0.12129629629629629 0.09212962962962963 0.1
0 0.32546296296296295 0.1962962962962963 0.05925925925925926 0.14814814814814814
0 0.28703703703703703 0.17314814814814813 0.05185185185185185 0.05
0 0.2162037037037037 0.2388888888888889 0.04027777777777778 0.1259259259259259
0 0.20416666666666666 0.15138888888888888 0.09351851851851851 0.0712962962962963
0 0.21481481481481482 0.20601851851851852 0.09722222222222222 0.06018518518518518
0 0.22916666666666666 0.33611111111111114 0.10324074074074074 0.10740740740740741