0 0.6712962962962963 0.8138888888888889 0.13703703703703704 0.3685185185185185
0 0.7430555555555556 0.6939814814814815 0.10185185185185185 0.31574074074074077
0 0.6962962962962963 0.5430555555555555 0.17777777777777778 0.25462962962962965
0 0.6296296296296297 0.45601851851851855 0.1787037037037037 0.2101851851851852
0 0.7180555555555556 0.3421296296296296 0.1300925925925926 0.21574074074074073
0 0.5421296296296296 0.17222222222222222 0.07175925925925926 0.09259259259259259
0 0.6972222222222222 0.17546296296296296 0.10648148148148148 0.075
0 0.7949074074074074 0.20462962962962963 0.0824074074074074 0.08703703703703704
0 0.7921296296296296 0.4648148148148148 0.05138888888888889 0.19074074074074074
0 0.2537037037037037 0.42592592592592593 0.10972222222222222 0.18333333333333332
0 0.1935185185185185 0.5185185185185185 0.1574074074074074 0.22962962962962963
0 0.12175925925925926 0.6342592592592593 0.1685185185185185 0.19444444444444445
0 0.16111111111111112 0.7166666666666667 0.17962962962962964 0.2462962962962963
0 0.10787037037037037 0.5509259259259259 0.13425925925925927 0.18703703703703703