0 0.61328125 0.60859375 0.1625 0.365625
0 0.71953125 0.7 0.15 0.32421875
0 0.76171875 0.4703125 0.1078125 0.19296875
0 0.2171875 0.653125 0.11484375 0.21328125
0 0.13125 0.64921875 0.12890625 0.32890625
0 0.10625 0.6140625 0.11484375 0.28671875
0 0.4109375 0.33046875 0.07265625 0.1953125
0 0.540625 0.27890625 0.07109375 0.1296875
0 0.5828125 0.1484375 0.06484375 0.103125
0 0.5421875 0.16640625 0.06171875 0.08515625
0 0.696875 0.178125 0.09765625 0.06171875
0 0.709375 0.1359375 0.0609375 0.09296875
0 0.64375 0.121875 0.07578125 0.08359375
0 0.59609375 0.09375 0.04921875 0.04140625