0 0.4888888888888889 0.8199074074074074 0.25046296296296294 0.35833333333333334
0 0.27824074074074073 0.9189814814814815 0.1648148148148148 0.16018518518518518
0 0.6930555555555555 0.8162037037037037 0.1300925925925926 0.36574074074074076
0 0.6912037037037037 0.5319444444444444 0.1935185185185185 0.3194444444444444
0 0.7787037037037037 0.47962962962962963 0.07175925925925926 0.19814814814814816
0 0.6930555555555555 0.38472222222222224 0.05925925925925926 0.09166666666666666
0 0.7939814814814815 0.28379629629629627 0.06388888888888888 0.1935185185185185
0 0.5347222222222222 0.16712962962962963 0.05277777777777778 0.13240740740740742
0 0.4337962962962963 0.32037037037037036 0.07777777777777778 0.18703703703703703
0 0.3365740740740741 0.3976851851851852 0.14907407407407408 0.18055555555555555
0 0.27870370370370373 0.6819444444444445 0.1550925925925926 0.36018518518518516
0 0.17824074074074073 0.6467592592592593 0.14212962962962963 0.33611111111111114
0 0.12453703703703704 0.6597222222222222 0.1175925925925926 0.29907407407407405
0 0.7430555555555556 0.42824074074074076 0.05092592592592592 0.12129629629629629
0 0.2324074074074074 0.5023148148148148 0.07916666666666666 0.06574074074074074