0 0.62421875 0.70859375 0.19921875 0.38203125
0 0.7578125 0.63359375 0.08984375 0.346875
0 0.85703125 0.6421875 0.14765625 0.2953125
0 0.85625 0.5765625 0.15234375 0.29296875
0 0.3875 0.5640625 0.240625 0.26640625
0 0.5484375 0.24921875 0.04921875 0.196875
0 0.38125 0.36328125 0.0828125 0.196875
0 0.4546875 0.21875 0.1125 0.146875
0 0.24609375 0.60078125 0.10390625 0.29296875
0 0.24921875 0.4328125 0.11015625 0.11953125
0 0.29296875 0.38359375 0.0953125 0.18671875
0 0.2265625 0.3109375 0.09296875 0.203125
0 0.38125 0.159375 0.0609375 0.128125