0 0.278125 0.390625 0.11953125 0.24921875
0 0.3 0.61875 0.1421875 0.39375
0 0.15390625 0.64921875 0.18671875 0.26640625
0 0.15703125 0.70625 0.16171875 0.29375
0 0.6484375 0.16640625 0.10625 0.071875
0 0.79609375 0.246875 0.06796875 0.09375
0 0.778125 0.315625 0.10703125 0.090625
0 0.79296875 0.403125 0.059375 0.16953125
0 0.734375 0.384375 0.0703125 0.14140625
0 0.71328125 0.45703125 0.15859375 0.1890625
0 0.5703125 0.53203125 0.225 0.2046875
0 0.64375 0.60234375 0.2234375 0.21171875
0 0.73359375 0.68828125 0.1453125 0.321875
0 0.63046875 0.81484375 0.20625 0.36875