0 0.4453125 0.153125 0.04921875 0.128125
0 0.31796875 0.14765625 0.10546875 0.11015625
0 0.32890625 0.17734375 0.11015625 0.0765625
0 0.20546875 0.25546875 0.07421875 0.0765625
0 0.23046875 0.31640625 0.11328125 0.07578125
0 0.2046875 0.396875 0.06484375 0.18125
0 0.26640625 0.39140625 0.06640625 0.14296875
0 0.2828125 0.47890625 0.1640625 0.21953125
0 0.43046875 0.534375 0.22109375 0.18828125
0 0.3640625 0.625 0.215625 0.19609375
0 0.27109375 0.696875 0.13203125 0.30703125
0 0.37109375 0.821875 0.20703125 0.34609375
0 0.840625 0.65234375 0.19453125 0.26953125
0 0.83046875 0.70546875 0.178125 0.28125