0 0.52890625 0.5796875 0.19453125 0.31328125
0 0.73359375 0.90078125 0.1 0.19609375
0 0.81640625 0.69453125 0.21328125 0.19140625
0 0.86171875 0.653125 0.15859375 0.275
0 0.690625 0.40703125 0.17421875 0.2203125
0 0.57890625 0.3765625 0.16171875 0.14296875
0 0.60234375 0.29921875 0.0609375 0.07578125
0 0.49296875 0.19453125 0.04609375 0.15546875
0 0.22421875 0.48125 0.07421875 0.19921875
0 0.3265625 0.4359375 0.11953125 0.21171875
0 0.2796875 0.48046875 0.09453125 0.25390625
0 0.39921875 0.11953125 0.0828125 0.08828125
0 0.34140625 0.15546875 0.05625 0.07578125
0 0.30078125 0.175 0.07421875 0.078125
0 0.2171875 0.20703125 0.09921875 0.07421875