0 0.6375 0.12578125 0.09140625 0.11328125
0 0.721875 0.1609375 0.0765625 0.1109375
0 0.79609375 0.18671875 0.07265625 0.09375
0 0.803125 0.2546875 0.0578125 0.07421875
0 0.7703125 0.315625 0.1140625 0.0640625
0 0.79296875 0.403125 0.05859375 0.19375
0 0.7296875 0.3765625 0.075 0.13671875
0 0.71953125 0.4765625 0.16171875 0.21875
0 0.571875 0.53125 0.2234375 0.1796875
0 0.6359375 0.61328125 0.21640625 0.18515625
0 0.7296875 0.68984375 0.13671875 0.30703125
0 0.63359375 0.82421875 0.20234375 0.34921875
0 0.15859375 0.653125 0.19609375 0.278125
0 0.1671875 0.70390625 0.18046875 0.2703125