0 0.6185185185185185 0.8351851851851851 0.2865740740740741 0.29444444444444445
0 0.85 0.6777777777777778 0.18518518518518517 0.2814814814814815
0 0.4925925925925926 0.5046296296296297 0.11712962962962963 0.2814814814814815
0 0.587037037037037 0.4125 0.08657407407407407 0.19537037037037036
0 0.5708333333333333 0.33101851851851855 0.15833333333333333 0.11574074074074074
0 0.44722222222222224 0.40879629629629627 0.12407407407407407 0.10277777777777777
0 0.44675925925925924 0.3199074074074074 0.09212962962962963 0.12129629629629629
0 0.22407407407407406 0.45416666666666666 0.08333333333333333 0.21203703703703702
0 0.21388888888888888 0.3347222222222222 0.07824074074074074 0.10092592592592593
0 0.38842592592592595 0.14351851851851852 0.08842592592592592 0.05740740740740741
0 0.3388888888888889 0.11435185185185186 0.08518518518518518 0.062037037037037036
0 0.31203703703703706 0.17175925925925925 0.07314814814814814 0.05648148148148148
0 0.2601851851851852 0.16296296296296298 0.03425925925925926 0.10740740740740741
0 0.21574074074074073 0.19953703703703704 0.08888888888888889 0.05462962962962963