0 0.6458333333333334 0.8305555555555556 0.16157407407407406 0.337037037037037
0 0.8828703703703704 0.6574074074074074 0.14675925925925926 0.2759259259259259
0 0.6462962962962963 0.5430555555555555 0.09861111111111111 0.30092592592592593
0 0.5300925925925926 0.6337962962962963 0.2162037037037037 0.39351851851851855
0 0.30462962962962964 0.6597222222222222 0.22453703703703703 0.24166666666666667
0 0.5953703703703703 0.4185185185185185 0.16712962962962963 0.21851851851851853
0 0.637962962962963 0.32083333333333336 0.1259259259259259 0.16203703703703703
0 0.4101851851851852 0.13842592592592592 0.05462962962962963 0.1175925925925926
0 0.3972222222222222 0.36064814814814816 0.08287037037037037 0.22870370370370371
0 0.2152777777777778 0.2013888888888889 0.10046296296296296 0.10092592592592593
0 0.3699074074074074 0.15416666666666667 0.0412037037037037 0.05277777777777778
0 0.2550925925925926 0.4115740740740741 0.16296296296296298 0.12314814814814815
0 0.3421296296296296 0.3819444444444444 0.06527777777777778 0.13796296296296295
0 0.2773148148148148 0.4930555555555556 0.19444444444444445 0.16574074074074074