0 0.6388888888888888 0.5138888888888888 0.1824074074074074 0.2814814814814815
0 0.3449074074074074 0.6805555555555556 0.27361111111111114 0.3611111111111111
0 0.27824074074074073 0.5314814814814814 0.1527777777777778 0.30925925925925923
0 0.4976851851851852 0.4305555555555556 0.16203703703703703 0.1388888888888889
0 0.5671296296296297 0.3476851851851852 0.1550925925925926 0.11944444444444445
0 0.45 0.34814814814814815 0.07916666666666666 0.1425925925925926
0 0.8486111111111111 0.674074074074074 0.1824074074074074 0.2851851851851852
0 0.22175925925925927 0.44722222222222224 0.07685185185185185 0.18333333333333332
0 0.21944444444444444 0.30972222222222223 0.10833333333333334 0.15833333333333333
0 0.26157407407407407 0.21435185185185185 0.0699074074074074 0.16018518518518518
0 0.2740740740740741 0.15185185185185185 0.04490740740740741 0.08333333333333333
0 0.31712962962962965 0.13796296296296295 0.07037037037037037 0.08888888888888889
0 0.39351851851851855 0.14953703703703702 0.08611111111111111 0.062037037037037036
0 0.2050925925925926 0.2013888888888889 0.07083333333333333 0.058333333333333334