0 0.5601851851851852 0.8143518518518519 0.1935185185185185 0.36944444444444446
0 0.3592592592592593 0.7541666666666667 0.16712962962962963 0.44907407407407407
0 0.850462962962963 0.6962962962962963 0.16805555555555557 0.23333333333333334
0 0.8949074074074074 0.6240740740740741 0.18518518518518517 0.17777777777777778
0 0.725462962962963 0.4842592592592593 0.09675925925925925 0.23703703703703705
0 0.43287037037037035 0.2986111111111111 0.1087962962962963 0.20277777777777778
0 0.49166666666666664 0.22777777777777777 0.1300925925925926 0.14444444444444443
0 0.2953703703703704 0.4949074074074074 0.2064814814814815 0.24722222222222223
0 0.26990740740740743 0.3902777777777778 0.15092592592592594 0.15833333333333333
0 0.24722222222222223 0.29398148148148145 0.12824074074074074 0.20462962962962963
0 0.3962962962962963 0.15 0.08703703703703704 0.05185185185185185
0 0.2518518518518518 0.18333333333333332 0.06296296296296296 0.08703703703703704
0 0.20277777777777778 0.16944444444444445 0.08287037037037037 0.10555555555555556