0 0.4046296296296296 0.7851851851851852 0.2884259259259259 0.31851851851851853
0 0.6462962962962963 0.3143518518518518 0.12037037037037036 0.2212962962962963
0 0.7231481481481481 0.49166666666666664 0.12222222222222222 0.24814814814814815
0 0.8421296296296297 0.5902777777777778 0.06944444444444445 0.14537037037037037
0 0.5046296296296297 0.4587962962962963 0.16944444444444445 0.2490740740740741
0 0.4287037037037037 0.5175925925925926 0.18009259259259258 0.2777777777777778
0 0.27546296296296297 0.5773148148148148 0.14212962962962963 0.3472222222222222
0 0.4513888888888889 0.1648148148148148 0.06944444444444445 0.09259259259259259
0 0.4166666666666667 0.1439814814814815 0.07175925925925926 0.11944444444444445
0 0.38055555555555554 0.12685185185185185 0.06388888888888888 0.09444444444444444
0 0.28425925925925927 0.16296296296296298 0.0763888888888889 0.1
0 0.21481481481481482 0.18194444444444444 0.08888888888888889 0.11944444444444445
0 0.274537037037037 0.4425925925925926 0.14537037037037037 0.3055555555555556
0 0.6222222222222222 0.9050925925925926 0.1087962962962963 0.18796296296296297