0 0.32109375 0.57578125 0.15625 0.27421875
0 0.67265625 0.80859375 0.134375 0.35703125
0 0.7484375 0.68203125 0.11640625 0.3359375
0 0.70703125 0.51796875 0.1234375 0.2546875
0 0.43125 0.31796875 0.071875 0.25625
0 0.23984375 0.44375 0.1265625 0.21015625
0 0.14453125 0.63671875 0.15078125 0.3203125
0 0.1640625 0.70859375 0.18125 0.2296875
0 0.10078125 0.615625 0.11875 0.27578125
0 0.54453125 0.171875 0.071875 0.08203125
0 0.6984375 0.17578125 0.10390625 0.0640625
0 0.79296875 0.2046875 0.075 0.08359375
0 0.70234375 0.32421875 0.13359375 0.190625
0 0.784375 0.45859375 0.06015625 0.18515625