0 0.6765625 0.3734375 0.15546875 0.23671875
0 0.7296875 0.64296875 0.1140625 0.26953125
0 0.6453125 0.80234375 0.26015625 0.39375
0 0.8671875 0.646875 0.14140625 0.25625
0 0.4140625 0.57421875 0.21484375 0.18671875
0 0.46328125 0.41953125 0.20703125 0.253125
0 0.27265625 0.47109375 0.17890625 0.22578125
0 0.20625 0.38828125 0.05078125 0.14609375
0 0.26953125 0.384375 0.07890625 0.140625
0 0.3328125 0.2765625 0.09296875 0.1890625
0 0.45234375 0.24921875 0.05703125 0.14453125
0 0.4578125 0.1421875 0.0609375 0.103125
0 0.21328125 0.18671875 0.07734375 0.1109375
0 0.25625 0.15703125 0.06328125 0.10390625