0 0.72109375 0.42734375 0.11796875 0.27890625
0 0.85546875 0.61171875 0.06796875 0.13046875
0 0.8890625 0.6234375 0.12265625 0.365625
0 0.35390625 0.70078125 0.24296875 0.325
0 0.27578125 0.50703125 0.08828125 0.34453125
0 0.3609375 0.41640625 0.15390625 0.23046875
0 0.21953125 0.48046875 0.06796875 0.20390625
0 0.44296875 0.1703125 0.08515625 0.0796875
0 0.3890625 0.12890625 0.07734375 0.0984375
0 0.2140625 0.2859375 0.0671875 0.1796875
0 0.24453125 0.16328125 0.07109375 0.10078125
0 0.353125 0.15546875 0.06328125 0.059375
0 0.325 0.15859375 0.06640625 0.06640625
0 0.7171875 0.90625 0.11171875 0.18515625