0 0.48203125 0.60078125 0.2421875 0.24453125
0 0.2890625 0.92109375 0.17109375 0.15625
0 0.72890625 0.7265625 0.12421875 0.34375
0 0.7796875 0.478125 0.0703125 0.19921875
0 0.72578125 0.4921875 0.09609375 0.23203125
0 0.67734375 0.41953125 0.11171875 0.18359375
0 0.4953125 0.35546875 0.14296875 0.10625
0 0.30546875 0.38359375 0.16640625 0.240625
0 0.29609375 0.69609375 0.15625 0.28828125
0 0.13984375 0.65234375 0.15546875 0.28203125
0 0.50625 0.24296875 0.14453125 0.12421875
0 0.59140625 0.14140625 0.090625 0.1046875
0 0.70078125 0.16640625 0.0703125 0.071875
0 0.653125 0.16328125 0.0765625 0.06015625
0 0.403125 0.31015625 0.04921875 0.17421875