0 0.7916666666666666 0.3300925925925926 0.06342592592592593 0.09166666666666666
0 0.7486111111111111 0.38796296296296295 0.05324074074074074 0.19074074074074074
0 0.5504629629629629 0.3509259259259259 0.10138888888888889 0.1537037037037037
0 0.3921296296296296 0.8305555555555556 0.15046296296296297 0.337037037037037
0 0.2337962962962963 0.6259259259259259 0.11990740740740741 0.2351851851851852
0 0.14074074074074075 0.687962962962963 0.1259259259259259 0.337037037037037
0 0.12129629629629629 0.5944444444444444 0.1300925925925926 0.3277777777777778
0 0.5259259259259259 0.17037037037037037 0.06157407407407407 0.13333333333333333
0 0.6 0.12083333333333333 0.07916666666666666 0.09166666666666666
0 0.6453703703703704 0.12731481481481483 0.0625 0.0712962962962963
0 0.6796296296296296 0.1638888888888889 0.075 0.05
0 0.7759259259259259 0.18518518518518517 0.08611111111111111 0.1111111111111111
0 0.8111111111111111 0.17685185185185184 0.046296296296296294 0.08703703703703704
0 0.7305555555555555 0.15231481481481482 0.04259259259259259 0.08796296296296297