0 0.2972222222222222 0.9259259259259259 0.1925925925925926 0.14629629629629629
0 0.2953703703703704 0.6972222222222222 0.15462962962962962 0.29074074074074074
0 0.1375 0.6537037037037037 0.16157407407407406 0.29444444444444445
0 0.7319444444444444 0.7240740740740741 0.12314814814814815 0.3333333333333333
0 0.7814814814814814 0.47685185185185186 0.06527777777777778 0.18703703703703703
0 0.7402777777777778 0.4532407407407407 0.09583333333333334 0.2953703703703704
0 0.6888888888888889 0.425 0.0837962962962963 0.17962962962962964
0 0.49074074074074076 0.3560185185185185 0.14675925925925926 0.10648148148148148
0 0.2912037037037037 0.3851851851851852 0.15324074074074073 0.2388888888888889
0 0.39537037037037037 0.31712962962962965 0.050462962962962966 0.19722222222222222
0 0.49907407407407406 0.23703703703703705 0.1300925925925926 0.13148148148148148
0 0.6550925925925926 0.1550925925925926 0.07453703703703704 0.0712962962962963
0 0.6967592592592593 0.16712962962962963 0.062037037037037036 0.0712962962962963
0 0.7444444444444445 0.18703703703703703 0.04490740740740741 0.11666666666666667
0 0.7828703703703703 0.20787037037037037 0.05787037037037037 0.06388888888888888