0 0.703125 0.90625 0.15234375 0.18515625
0 0.45625 0.45703125 0.12890625 0.30859375
0 0.50234375 0.3515625 0.07734375 0.12890625
0 0.46015625 0.28671875 0.071875 0.13671875
0 0.83515625 0.584375 0.07734375 0.128125
0 0.86875 0.6 0.16640625 0.21640625
0 0.22109375 0.48828125 0.08046875 0.24453125
0 0.2671875 0.40078125 0.0625 0.20078125
0 0.45703125 0.16875 0.06640625 0.0859375
0 0.3953125 0.14375 0.09140625 0.05546875
0 0.3046875 0.1734375 0.08671875 0.059375
0 0.21328125 0.196875 0.10078125 0.1453125