0 0.6671875 0.37265625 0.15234375 0.23828125
0 0.4296875 0.521875 0.221875 0.18671875
0 0.84375 0.63984375 0.1890625 0.25390625
0 0.83359375 0.7015625 0.18359375 0.27109375
0 0.3234375 0.14375 0.08515625 0.1203125
0 0.2359375 0.20390625 0.06640625 0.1265625
0 0.3171875 0.47421875 0.19453125 0.1515625
0 0.3609375 0.61484375 0.21328125 0.18359375
0 0.37421875 0.83046875 0.21015625 0.33671875
0 0.25234375 0.6921875 0.115625 0.28828125
0 0.20546875 0.40859375 0.05859375 0.17578125
0 0.27890625 0.39453125 0.08828125 0.13515625
0 0.21875 0.3140625 0.10234375 0.0890625
0 0.20625 0.259375 0.06953125 0.07421875