0 0.45740740740740743 0.6939814814814815 0.2574074074074074 0.25277777777777777
0 0.6166666666666667 0.8347222222222223 0.17824074074074073 0.3287037037037037
0 0.31527777777777777 0.3939814814814815 0.05787037037037037 0.13055555555555556
0 0.2537037037037037 0.40694444444444444 0.12361111111111112 0.1675925925925926
0 0.32546296296296295 0.5814814814814815 0.19166666666666668 0.412962962962963
0 0.5587962962962963 0.4222222222222222 0.15185185185185185 0.28703703703703703
0 0.8449074074074074 0.6953703703703704 0.19166666666666668 0.26296296296296295
0 0.8773148148148148 0.6328703703703704 0.1361111111111111 0.2490740740740741
0 0.6055555555555555 0.2972222222222222 0.10648148148148148 0.18333333333333332
0 0.4930555555555556 0.22453703703703703 0.13148148148148148 0.14351851851851852
0 0.39490740740740743 0.14537037037037037 0.08703703703703704 0.06111111111111111
0 0.25972222222222224 0.18611111111111112 0.08333333333333333 0.0962962962962963
0 0.19305555555555556 0.25972222222222224 0.041666666666666664 0.16203703703703703
0 0.24444444444444444 0.3 0.1300925925925926 0.1925925925925926