0 0.42109375 0.775 0.3515625 0.25
0 0.2875 0.8140625 0.15078125 0.36015625
0 0.34609375 0.634375 0.21484375 0.4359375
0 0.71484375 0.6296875 0.178125 0.3796875
0 0.83359375 0.68046875 0.159375 0.30625
0 0.8796875 0.64296875 0.14609375 0.25859375
0 0.890625 0.6109375 0.13359375 0.26640625
0 0.6921875 0.45390625 0.1265625 0.18828125
0 0.403125 0.12109375 0.04375 0.09453125
0 0.3546875 0.15625 0.08828125 0.04921875
0 0.28125 0.1859375 0.1 0.06484375
0 0.2203125 0.484375 0.06953125 0.19921875
0 0.26875 0.46171875 0.08125 0.196875
0 0.321875 0.43125 0.09375 0.18203125