0 0.46944444444444444 0.41574074074074074 0.175 0.1388888888888889
0 0.25046296296296294 0.5717592592592593 0.15092592592592594 0.23796296296296296
0 0.3388888888888889 0.8986111111111111 0.2199074074074074 0.20092592592592592
0 0.5805555555555556 0.5305555555555556 0.2324074074074074 0.14629629629629629
0 0.7490740740740741 0.6268518518518519 0.12546296296296297 0.3055555555555556
0 0.6064814814814815 0.3472222222222222 0.1527777777777778 0.1925925925925926
0 0.7449074074074075 0.4097222222222222 0.14907407407407408 0.2361111111111111
0 0.5467592592592593 0.18333333333333332 0.07685185185185185 0.17037037037037037
0 0.5671296296296297 0.10787037037037037 0.05 0.07685185185185185
0 0.6171296296296296 0.1259259259259259 0.0375 0.09259259259259259
0 0.700462962962963 0.15092592592592594 0.09027777777777778 0.0962962962962963
0 0.7925925925925926 0.18287037037037038 0.07916666666666666 0.09907407407407408
0 0.8004629629629629 0.32083333333333336 0.05648148148148148 0.18425925925925926