0 0.4351851851851852 0.5222222222222223 0.225 0.18333333333333332
0 0.6319444444444444 0.47129629629629627 0.07546296296296297 0.24074074074074073
0 0.6412037037037037 0.9013888888888889 0.2513888888888889 0.19537037037037036
0 0.7587962962962963 0.5921296296296297 0.1287037037037037 0.25833333333333336
0 0.8699074074074075 0.6087962962962963 0.06481481481481481 0.16203703703703703
0 0.3925925925925926 0.15601851851851853 0.09722222222222222 0.05462962962962963
0 0.48703703703703705 0.3587962962962963 0.1648148148148148 0.1638888888888889
0 0.36712962962962964 0.3731481481481482 0.08611111111111111 0.1425925925925926
0 0.2462962962962963 0.2912037037037037 0.14027777777777778 0.09166666666666666
0 0.21064814814814814 0.20694444444444443 0.08703703703703704 0.05092592592592592
0 0.21666666666666667 0.4023148148148148 0.07175925925925926 0.16574074074074074
0 0.26990740740740743 0.6291666666666667 0.1162037037037037 0.31203703703703706
0 0.3037037037037037 0.8912037037037037 0.13518518518518519 0.21574074074074073