0 0.346875 0.83828125 0.26484375 0.32109375
0 0.55859375 0.853125 0.1359375 0.29296875
0 0.70390625 0.80859375 0.146875 0.38046875
0 0.6484375 0.67109375 0.2984375 0.4453125
0 0.775 0.48203125 0.08125 0.20625
0 0.68671875 0.43671875 0.103125 0.196875
0 0.33515625 0.396875 0.153125 0.18359375
0 0.7390625 0.1484375 0.09453125 0.1015625
0 0.56640625 0.15703125 0.10703125 0.13515625
0 0.2109375 0.50703125 0.11484375 0.09453125
0 0.0875 0.73984375 0.08984375 0.22421875
0 0.1875 0.64296875 0.16796875 0.246875
0 0.1 0.5921875 0.10703125 0.1453125
0 0.603125 0.13828125 0.0609375 0.09609375
0 0.628125 0.1328125 0.04453125 0.09921875