0 0.3515625 0.16796875 0.11015625 0.065625
0 0.2140625 0.2109375 0.08828125 0.05859375
0 0.6984375 0.384375 0.10859375 0.284375
0 0.4296875 0.528125 0.2265625 0.215625
0 0.203125 0.259375 0.0703125 0.090625
0 0.22421875 0.309375 0.10859375 0.08828125
0 0.20703125 0.40546875 0.0515625 0.1796875
0 0.26953125 0.3984375 0.071875 0.15546875
0 0.28125 0.46328125 0.16484375 0.203125
0 0.36328125 0.61328125 0.2046875 0.18828125
0 0.2703125 0.68203125 0.12890625 0.3203125
0 0.3703125 0.82109375 0.20078125 0.35625
0 0.8390625 0.646875 0.20078125 0.25546875
0 0.8328125 0.703125 0.18203125 0.29140625