0 0.3888888888888889 0.7162037037037037 0.31527777777777777 0.3768518518518518
0 0.21157407407407408 0.6884259259259259 0.12222222222222222 0.20833333333333334
0 0.125 0.6555555555555556 0.1449074074074074 0.2462962962962963
0 0.6657407407407407 0.7449074074074075 0.16666666666666666 0.4398148148148148
0 0.5560185185185185 0.3486111111111111 0.10787037037037037 0.16203703703703703
0 0.7685185185185185 0.45787037037037037 0.10046296296296296 0.20277777777777778
0 0.5467592592592593 0.15925925925925927 0.053703703703703705 0.13333333333333333
0 0.6171296296296296 0.125 0.09027777777777778 0.09259259259259259
0 0.6777777777777778 0.17037037037037037 0.08055555555555556 0.046296296296296294
0 0.7425925925925926 0.175 0.07037037037037037 0.0962962962962963
0 0.7805555555555556 0.1486111111111111 0.05648148148148148 0.058333333333333334
0 0.8037037037037037 0.21157407407407408 0.059722222222222225 0.12685185185185185
0 0.7763888888888889 0.34074074074074073 0.09027777777777778 0.11851851851851852