0 0.34120370370370373 0.41435185185185186 0.1736111111111111 0.20833333333333334
0 0.26342592592592595 0.5726851851851852 0.16203703703703703 0.19166666666666668
0 0.5888888888888889 0.12129629629629629 0.09027777777777778 0.09814814814814815
0 0.7657407407407407 0.3074074074074074 0.13333333333333333 0.08888888888888889
0 0.7930555555555555 0.4009259259259259 0.05092592592592592 0.1648148148148148
0 0.7384259259259259 0.3611111111111111 0.06342592592592593 0.1537037037037037
0 0.7175925925925926 0.46064814814814814 0.17037037037037037 0.18796296296296297
0 0.7555555555555555 0.638425925925926 0.07962962962962963 0.2953703703703704
0 0.5675925925925925 0.5217592592592593 0.2199074074074074 0.1824074074074074
0 0.6856481481481481 0.7027777777777777 0.14212962962962963 0.3333333333333333
0 0.6638888888888889 0.874537037037037 0.10416666666666667 0.2490740740740741
0 0.35324074074074074 0.9074074074074074 0.25046296296296294 0.18333333333333332
0 0.13657407407407407 0.6523148148148148 0.14907407407407408 0.26944444444444443
0 0.10185185185185185 0.6916666666666667 0.06388888888888888 0.15185185185185185