0 0.6425925925925926 0.4810185185185185 0.07592592592592592 0.21574074074074073
0 0.7606481481481482 0.5828703703703704 0.13472222222222222 0.24166666666666667
0 0.6597222222222222 0.7555555555555555 0.20324074074074075 0.38333333333333336
0 0.3597222222222222 0.3962962962962963 0.09305555555555556 0.1537037037037037
0 0.4337962962962963 0.5185185185185185 0.22453703703703703 0.17777777777777778
0 0.4935185185185185 0.36944444444444446 0.18194444444444444 0.2037037037037037
0 0.20972222222222223 0.2111111111111111 0.08842592592592592 0.05925925925925926
0 0.39537037037037037 0.15324074074074073 0.08472222222222223 0.05462962962962963
0 0.24259259259259258 0.29305555555555557 0.1449074074074074 0.08611111111111111
0 0.2162037037037037 0.40185185185185185 0.06759259259259259 0.17592592592592593
0 0.2777777777777778 0.6222222222222222 0.10092592592592593 0.3314814814814815
0 0.30648148148148147 0.8888888888888888 0.13194444444444445 0.22037037037037038
0 0.8662037037037037 0.6083333333333333 0.07361111111111111 0.1648148148148148