0 0.55390625 0.840625 0.26640625 0.31796875
0 0.71953125 0.9 0.140625 0.1984375
0 0.409375 0.80859375 0.25390625 0.38046875
0 0.3765625 0.6640625 0.1171875 0.34375
0 0.290625 0.8078125 0.10234375 0.38203125
0 0.68671875 0.51875 0.153125 0.2140625
0 0.83125 0.66171875 0.19609375 0.384375
0 0.88359375 0.6578125 0.11484375 0.2453125
0 0.65234375 0.37109375 0.084375 0.1390625
0 0.53671875 0.259375 0.08046875 0.1703125
0 0.3203125 0.43125 0.0875 0.18671875
0 0.27578125 0.46640625 0.09296875 0.1984375
0 0.22265625 0.48203125 0.07421875 0.20546875
0 0.209375 0.184375 0.0921875 0.13515625