0 0.36171875 0.4515625 0.1390625 0.271875
0 0.47578125 0.221875 0.06953125 0.178125
0 0.5328125 0.184375 0.1109375 0.11796875
0 0.575 0.13203125 0.05390625 0.1140625
0 0.78046875 0.25078125 0.09609375 0.159375
0 0.79140625 0.41640625 0.059375 0.19375
0 0.7328125 0.3859375 0.084375 0.13359375
0 0.71640625 0.48125 0.1578125 0.2265625
0 0.58984375 0.53046875 0.20703125 0.16171875
0 0.50546875 0.6578125 0.08515625 0.33984375
0 0.68203125 0.8453125 0.171875 0.30703125
0 0.3328125 0.9109375 0.24765625 0.1734375
0 0.1578125 0.5796875 0.0703125 0.12578125
0 0.103125 0.76953125 0.06328125 0.15
0 0.09609375 0.6875 0.07421875 0.17890625