0 0.20859375 0.33046875 0.06328125 0.09140625
0 0.2515625 0.38828125 0.053125 0.190625
0 0.45 0.35078125 0.1015625 0.15390625
0 0.6078125 0.83046875 0.15078125 0.33671875
0 0.76640625 0.62578125 0.11953125 0.23515625
0 0.859375 0.68828125 0.12578125 0.33671875
0 0.87890625 0.59453125 0.13046875 0.328125
0 0.47421875 0.1703125 0.06171875 0.13359375
0 0.4 0.12109375 0.07890625 0.09140625
0 0.3546875 0.12734375 0.0625 0.07109375
0 0.3203125 0.1640625 0.075 0.05
0 0.22421875 0.18515625 0.0859375 0.1109375
0 0.1890625 0.1765625 0.04609375 0.08671875
0 0.26953125 0.15234375 0.04296875 0.08828125