0 0.3828125 0.3890625 0.1078125 0.21953125
0 0.24765625 0.57265625 0.13359375 0.2546875
0 0.56796875 0.52265625 0.234375 0.175
0 0.74765625 0.63125 0.13203125 0.31015625
0 0.63359375 0.87421875 0.14296875 0.25
0 0.78125 0.3265625 0.05625 0.22421875
0 0.71640625 0.290625 0.07109375 0.16171875
0 0.659375 0.17109375 0.0859375 0.12890625
0 0.54453125 0.1640625 0.05390625 0.12578125
0 0.57890625 0.14921875 0.03203125 0.103125
0 0.61796875 0.12265625 0.06171875 0.08828125
0 0.67421875 0.12890625 0.03359375 0.078125
0 0.75859375 0.16953125 0.0875 0.08671875
0 0.7171875 0.153125 0.0625 0.090625