0 0.6601851851851852 0.8212962962962963 0.1125 0.35555555555555557
0 0.2861111111111111 0.4708333333333333 0.18796296296296297 0.19166666666666668
0 0.2064814814814815 0.5814814814814815 0.11990740740740741 0.2111111111111111
0 0.13194444444444445 0.65 0.12777777777777777 0.36666666666666664
0 0.10046296296296296 0.6212962962962963 0.09537037037037037 0.2851851851851852
0 0.5425925925925926 0.17083333333333334 0.06527777777777778 0.08425925925925926
0 0.587037037037037 0.11666666666666667 0.05277777777777778 0.08518518518518518
0 0.6324074074074074 0.1300925925925926 0.04490740740740741 0.10277777777777777
0 0.6986111111111111 0.17731481481481481 0.09305555555555556 0.06388888888888888
0 0.7032407407407407 0.43472222222222223 0.10787037037037037 0.21203703703703702
0 0.7638888888888888 0.47638888888888886 0.09907407407407408 0.20462962962962963
0 0.7402777777777778 0.6986111111111111 0.1037037037037037 0.2972222222222222
0 0.8083333333333333 0.23935185185185184 0.05092592592592592 0.1361111111111111
0 0.7768518518518519 0.19444444444444445 0.046296296296296294 0.06296296296296296