0 0.35555555555555557 0.6333333333333333 0.24351851851851852 0.3611111111111111
0 0.13842592592592592 0.5939814814814814 0.0712962962962963 0.13240740740740742
0 0.10740740740740741 0.5921296296296297 0.1685185185185185 0.2916666666666667
0 0.6939814814814815 0.8175925925925925 0.13055555555555556 0.362962962962963
0 0.5305555555555556 0.2199074074074074 0.06481481481481481 0.1787037037037037
0 0.7416666666666667 0.43796296296296294 0.06342592592592593 0.15185185185185185
0 0.6541666666666667 0.4861111111111111 0.2050925925925926 0.2796296296296296
0 0.7819444444444444 0.48842592592592593 0.0699074074074074 0.2101851851851852
0 0.5537037037037037 0.13796296296296295 0.044444444444444446 0.10185185185185185
0 0.6013888888888889 0.14166666666666666 0.09166666666666666 0.06666666666666667
0 0.7152777777777778 0.1824074074074074 0.10324074074074074 0.06111111111111111
0 0.7592592592592593 0.19583333333333333 0.09722222222222222 0.0787037037037037
0 0.6731481481481482 0.15092592592592594 0.0712962962962963 0.06666666666666667
0 0.6435185185185185 0.15046296296296297 0.059722222222222225 0.0787037037037037