0 0.6023148148148149 0.65 0.1037037037037037 0.46296296296296297
0 0.31203703703703706 0.9319444444444445 0.25416666666666665 0.13425925925925927
0 0.12453703703703704 0.6319444444444444 0.062037037037037036 0.1287037037037037
0 0.6949074074074074 0.8162037037037037 0.13472222222222222 0.36574074074074076
0 0.7828703703703703 0.4898148148148148 0.06296296296296296 0.2222222222222222
0 0.7263888888888889 0.46064814814814814 0.08472222222222223 0.19907407407407407
0 0.7171296296296297 0.49675925925925923 0.17314814814814813 0.3435185185185185
0 0.5509259259259259 0.16666666666666666 0.07314814814814814 0.08518518518518518
0 0.6046296296296296 0.14953703703703702 0.08194444444444444 0.06018518518518518
0 0.6444444444444445 0.14814814814814814 0.06296296296296296 0.07222222222222222
0 0.7212962962962963 0.18564814814814815 0.09212962962962963 0.06388888888888888
0 0.8 0.17824074074074073 0.075 0.10462962962962963
0 0.7398148148148148 0.1439814814814815 0.07037037037037037 0.08981481481481482
0 0.6768518518518518 0.1476851851851852 0.07546296296296297 0.06574074074074074