0 0.6125 0.7027777777777777 0.26851851851851855 0.23148148148148148
0 0.6171296296296296 0.8328703703703704 0.22824074074074074 0.33240740740740743
0 0.3976851851851852 0.425462962962963 0.17777777777777778 0.21388888888888888
0 0.625 0.3375 0.06666666666666667 0.20277777777777778
0 0.2638888888888889 0.4083333333333333 0.14583333333333334 0.19074074074074074
0 0.17222222222222222 0.5078703703703704 0.14953703703703702 0.19166666666666668
0 0.09814814814814815 0.6620370370370371 0.0787037037037037 0.2851851851851852
0 0.18333333333333332 0.7263888888888889 0.17824074074074073 0.27314814814814814
0 0.7814814814814814 0.475 0.07407407407407407 0.21851851851851853
0 0.7162037037037037 0.4513888888888889 0.10694444444444444 0.18796296296296297
0 0.6824074074074075 0.387037037037037 0.08611111111111111 0.17037037037037037
0 0.6050925925925926 0.12314814814814815 0.0912037037037037 0.08888888888888889
0 0.6981481481481482 0.17407407407407408 0.10324074074074074 0.06296296296296296
0 0.7944444444444444 0.20416666666666666 0.07685185185185185 0.09351851851851851