0 0.36435185185185187 0.3125 0.1412037037037037 0.2101851851851852
0 0.14351851851851852 0.6037037037037037 0.06805555555555555 0.13703703703703704
0 0.10972222222222222 0.6162037037037037 0.12638888888888888 0.3509259259259259
0 0.6662037037037037 0.7074074074074074 0.24861111111111112 0.2796296296296296
0 0.611574074074074 0.5013888888888889 0.2101851851851852 0.2638888888888889
0 0.7314814814814815 0.49166666666666664 0.0962962962962963 0.32222222222222224
0 0.7837962962962963 0.48055555555555557 0.05740740740740741 0.20185185185185187
0 0.7847222222222222 0.2949074074074074 0.062037037037037036 0.2101851851851852
0 0.7449074074074075 0.1685185185185185 0.0587962962962963 0.1037037037037037
0 0.5564814814814815 0.1699074074074074 0.09027777777777778 0.0787037037037037
0 0.612037037037037 0.15138888888888888 0.075 0.05462962962962963
0 0.6444444444444445 0.15231481481481482 0.06805555555555555 0.075
0 0.6694444444444444 0.15324074074074073 0.08194444444444444 0.08055555555555556