0 0.35185185185185186 0.8717592592592592 0.28425925925925927 0.25462962962962965
0 0.27037037037037037 0.6375 0.12453703703703704 0.24351851851851852
0 0.15648148148148147 0.674074074074074 0.18055555555555555 0.27037037037037037
0 0.11157407407407408 0.6472222222222223 0.12685185185185185 0.21666666666666667
0 0.1884259259259259 0.475462962962963 0.1037037037037037 0.18425925925925926
0 0.6865740740740741 0.8189814814814815 0.15092592592592594 0.36018518518518516
0 0.5944444444444444 0.7263888888888889 0.1361111111111111 0.5453703703703704
0 0.674537037037037 0.49444444444444446 0.20555555555555555 0.337037037037037
0 0.7814814814814814 0.4837962962962963 0.06620370370370371 0.19907407407407407
0 0.7430555555555556 0.425462962962963 0.06296296296296296 0.1361111111111111
0 0.6949074074074074 0.38657407407407407 0.05277777777777778 0.10833333333333334
0 0.7212962962962963 0.18796296296296297 0.09722222222222222 0.06111111111111111
0 0.6550925925925926 0.14027777777777778 0.0875 0.10277777777777777
0 0.29444444444444445 0.40370370370370373 0.1412037037037037 0.22777777777777777