0 0.40555555555555556 0.33425925925925926 0.06527777777777778 0.23148148148148148
0 0.13148148148148148 0.6800925925925926 0.12361111111111112 0.3416666666666667
0 0.10555555555555556 0.6333333333333333 0.13240740740740742 0.3277777777777778
0 0.7222222222222222 0.6916666666666667 0.15138888888888888 0.337037037037037
0 0.7615740740740741 0.4703703703703704 0.10925925925925926 0.20185185185185187
0 0.6263888888888889 0.5652777777777778 0.1625 0.33055555555555555
0 0.4615740740740741 0.35509259259259257 0.08842592592592592 0.1712962962962963
0 0.5416666666666666 0.28379629629629627 0.06851851851851852 0.13055555555555556
0 0.5824074074074074 0.1449074074074074 0.059722222222222225 0.11018518518518519
0 0.6092592592592593 0.15231481481481482 0.07407407407407407 0.05277777777777778
0 0.5388888888888889 0.16342592592592592 0.06296296296296296 0.09722222222222222
0 0.6995370370370371 0.1726851851851852 0.09953703703703703 0.04537037037037037
0 0.6782407407407407 0.1398148148148148 0.08796296296296297 0.04814814814814815