0 0.72734375 0.90703125 0.11171875 0.184375
0 0.3609375 0.71484375 0.2484375 0.36484375
0 0.225 0.48125 0.07890625 0.20546875
0 0.2203125 0.209375 0.10234375 0.08203125
0 0.3234375 0.41796875 0.1203125 0.175
0 0.2828125 0.565625 0.14921875 0.396875
0 0.57890625 0.38359375 0.16484375 0.1390625
0 0.6796875 0.434375 0.0859375 0.221875
0 0.5875 0.275 0.08828125 0.1609375
0 0.43359375 0.15 0.06640625 0.11640625
0 0.3359375 0.14921875 0.06484375 0.078125
0 0.3828125 0.14375 0.0515625 0.04921875
0 0.7640625 0.5203125 0.0875 0.10546875
0 0.8609375 0.56953125 0.15703125 0.13515625
0 0.896875 0.7015625 0.08515625 0.20703125