0 0.5143518518518518 0.22175925925925927 0.13796296296296295 0.18611111111111112
0 0.4027777777777778 0.1449074074074074 0.07314814814814814 0.12314814814814815
0 0.2 0.1837962962962963 0.049074074074074076 0.12314814814814815
0 0.20092592592592592 0.2574074074074074 0.07916666666666666 0.09074074074074075
0 0.23287037037037037 0.3125 0.12129629629629629 0.06944444444444445
0 0.20972222222222223 0.412962962962963 0.06296296296296296 0.18333333333333332
0 0.2689814814814815 0.4013888888888889 0.06620370370370371 0.16944444444444445
0 0.33611111111111114 0.3537037037037037 0.09583333333333334 0.22592592592592592
0 0.42407407407407405 0.5324074074074074 0.22407407407407406 0.18333333333333332
0 0.3574074074074074 0.624537037037037 0.21296296296296297 0.1935185185185185
0 0.2564814814814815 0.6953703703703704 0.12453703703703704 0.32407407407407407
0 0.3625 0.8148148148148148 0.21574074074074073 0.3685185185185185
0 0.8412037037037037 0.6504629629629629 0.1912037037037037 0.25277777777777777
0 0.8324074074074074 0.7 0.1814814814814815 0.27037037037037037