0 0.721875 0.390625 0.11953125 0.24921875
0 0.7 0.61875 0.1421875 0.39375
0 0.84609375 0.64921875 0.18671875 0.26640625
0 0.84296875 0.70625 0.16171875 0.29375
0 0.3515625 0.16640625 0.10625 0.071875
0 0.20390625 0.246875 0.06796875 0.09375
0 0.221875 0.315625 0.10703125 0.090625
0 0.20703125 0.403125 0.059375 0.16953125
0 0.265625 0.384375 0.0703125 0.14140625
0 0.28671875 0.45703125 0.15859375 0.1890625
0 0.4296875 0.53203125 0.225 0.2046875
0 0.35625 0.60234375 0.2234375 0.21171875
0 0.26640625 0.68828125 0.1453125 0.321875
0 0.36953125 0.81484375 0.20625 0.36875