0 0.3484375 0.81171875 0.0984375 0.3390625
0 0.76796875 0.93984375 0.16328125 0.11875
0 0.79296875 0.56640625 0.11171875 0.2140625
0 0.85234375 0.56796875 0.08828125 0.28359375
0 0.90546875 0.6265625 0.1125 0.28359375
0 0.2390625 0.47109375 0.1078125 0.2
0 0.25703125 0.6921875 0.10390625 0.30859375
0 0.45703125 0.20546875 0.08984375 0.15703125
0 0.38671875 0.14375 0.0671875 0.103125
0 0.4078125 0.1015625 0.05234375 0.0546875
0 0.30078125 0.1765625 0.10234375 0.06171875
0 0.19375 0.19453125 0.06328125 0.11171875
0 0.73203125 0.50078125 0.12109375 0.19609375