0 0.6337962962962963 0.5291666666666667 0.1814814814814815 0.30833333333333335
0 0.6620370370370371 0.8125 0.1587962962962963 0.3509259259259259
0 0.7462962962962963 0.6935185185185185 0.10555555555555556 0.31666666666666665
0 0.7652777777777777 0.47175925925925927 0.09907407407407408 0.20833333333333334
0 0.3675925925925926 0.32314814814814813 0.1574074074074074 0.2
0 0.23703703703703705 0.449537037037037 0.12546296296296297 0.16944444444444445
0 0.22916666666666666 0.6018518518518519 0.15925925925925927 0.18703703703703703
0 0.16944444444444445 0.6726851851851852 0.22546296296296298 0.18611111111111112
0 0.13148148148148148 0.649074074074074 0.12685185185185185 0.35185185185185186
0 0.5828703703703704 0.18101851851851852 0.05925925925925926 0.1638888888888889
0 0.538425925925926 0.1736111111111111 0.059722222222222225 0.0824074074074074
0 0.6962962962962963 0.175 0.10555555555555556 0.06666666666666667
0 0.7949074074074074 0.2074074074074074 0.07824074074074074 0.08888888888888889