0 0.38657407407407407 0.6087962962962963 0.1625 0.36574074074074076
0 0.2800925925925926 0.7 0.15 0.32407407407407407
0 0.23842592592592593 0.4703703703703704 0.10787037037037037 0.1925925925925926
0 0.7828703703703703 0.6527777777777778 0.11527777777777778 0.21296296296296297
0 0.8685185185185185 0.649537037037037 0.12916666666666668 0.3287037037037037
0 0.8939814814814815 0.6138888888888889 0.11527777777777778 0.28703703703703703
0 0.5888888888888889 0.3300925925925926 0.07314814814814814 0.19537037037037036
0 0.4597222222222222 0.27870370370370373 0.0712962962962963 0.12962962962962962
0 0.41759259259259257 0.1486111111111111 0.06527777777777778 0.10277777777777777
0 0.45787037037037037 0.16666666666666666 0.062037037037037036 0.08518518518518518
0 0.30324074074074076 0.17824074074074073 0.09722222222222222 0.062037037037037036
0 0.2902777777777778 0.1361111111111111 0.06111111111111111 0.09259259259259259
0 0.3560185185185185 0.12222222222222222 0.07546296296296297 0.08333333333333333
0 0.40370370370370373 0.09398148148148149 0.04953703703703704 0.041666666666666664