0 0.3640625 0.8953125 0.2546875 0.20703125
0 0.74453125 0.64296875 0.12265625 0.29296875
0 0.1875 0.6765625 0.2171875 0.23515625
0 0.184375 0.54375 0.14453125 0.1703125
0 0.115625 0.6015625 0.13125 0.31328125
0 0.13125 0.659375 0.13984375 0.18828125
0 0.55234375 0.35390625 0.10234375 0.15703125
0 0.77265625 0.34296875 0.10078125 0.12109375
0 0.58203125 0.1296875 0.03046875 0.09453125
0 0.615625 0.12265625 0.05546875 0.08828125
0 0.6828125 0.16796875 0.08359375 0.04140625
0 0.7859375 0.1859375 0.09296875 0.1140625
0 0.7375 0.16171875 0.03359375 0.090625