0 0.33359375 0.74609375 0.153125 0.38984375
0 0.82890625 0.59609375 0.08203125 0.175
0 0.878125 0.625 0.14921875 0.30703125
0 0.28515625 0.5015625 0.08125 0.334375
0 0.5578125 0.31171875 0.1 0.1734375
0 0.54609375 0.22578125 0.125 0.175
0 0.453125 0.1703125 0.06875 0.08515625
0 0.39921875 0.12890625 0.06484375 0.08203125
0 0.346875 0.13828125 0.03984375 0.11015625
0 0.2984375 0.1984375 0.084375 0.1359375
0 0.29453125 0.13125 0.06953125 0.075
0 0.23203125 0.20078125 0.04296875 0.140625
0 0.1890625 0.19765625 0.05234375 0.1046875
0 0.65703125 0.8953125 0.15546875 0.20703125