0 0.41015625 0.2609375 0.15625 0.14375
0 0.51171875 0.23046875 0.0890625 0.1390625
0 0.46328125 0.3546875 0.1390625 0.178125
0 0.43203125 0.51875 0.22109375 0.18984375
0 0.2796875 0.4640625 0.17109375 0.20859375
0 0.228125 0.30546875 0.10703125 0.06484375
0 0.20859375 0.4015625 0.05859375 0.16171875
0 0.27890625 0.37578125 0.08828125 0.1515625
0 0.2484375 0.64921875 0.08984375 0.25625
0 0.33984375 0.7140625 0.125 0.3390625
0 0.309375 0.896875 0.13359375 0.2046875
0 0.70625 0.66640625 0.16015625 0.35078125
0 0.74375 0.55703125 0.15859375 0.18125
0 0.8609375 0.6546875 0.14453125 0.2796875