0 0.625 0.86328125 0.26484375 0.26328125
0 0.7140625 0.94375 0.18203125 0.1109375
0 0.8015625 0.71640625 0.16328125 0.3390625
0 0.8640625 0.66875 0.15703125 0.33515625
0 0.89296875 0.6171875 0.12734375 0.32109375
0 0.32265625 0.69921875 0.23671875 0.28125
0 0.53515625 0.26875 0.07109375 0.1765625
0 0.30390625 0.47734375 0.19921875 0.2265625
0 0.26953125 0.403125 0.14609375 0.153125
0 0.39375 0.15 0.0828125 0.0484375
0 0.33359375 0.14375 0.05234375 0.1
0 0.23828125 0.28671875 0.128125 0.16171875
0 0.20625 0.20390625 0.0625 0.09296875
0 0.2515625 0.209375 0.08984375 0.0609375