0 0.4953125 0.3734375 0.1546875 0.18046875
0 0.31953125 0.76953125 0.1921875 0.459375
0 0.24609375 0.56640625 0.140625 0.23828125
0 0.16015625 0.603125 0.103125 0.190625
0 0.6625 0.75859375 0.28828125 0.33515625
0 0.69609375 0.8953125 0.13359375 0.20703125
0 0.6828125 0.46171875 0.10703125 0.20390625
0 0.57109375 0.51328125 0.21484375 0.16953125
0 0.759375 0.54609375 0.0890625 0.140625
0 0.78125 0.41171875 0.07578125 0.19296875
0 0.75703125 0.2890625 0.13515625 0.0890625
0 0.58515625 0.1296875 0.07265625 0.1015625
0 0.665625 0.59765625 0.09921875 0.11953125
0 0.58515625 0.234375 0.09140625 0.153125