0 0.7097222222222223 0.6666666666666666 0.16944444444444445 0.37407407407407406
0 0.8583333333333333 0.6777777777777778 0.16018518518518518 0.29259259259259257
0 0.2763888888888889 0.6277777777777778 0.1486111111111111 0.31666666666666665
0 0.22407407407407406 0.44074074074074077 0.0837962962962963 0.16666666666666666
0 0.4324074074074074 0.3472222222222222 0.1361111111111111 0.14074074074074075
0 0.5773148148148148 0.35555555555555557 0.14305555555555555 0.14444444444444443
0 0.5046296296296297 0.4375 0.1625 0.15648148148148147
0 0.387037037037037 0.2601851851851852 0.08148148148148149 0.18333333333333332
0 0.45092592592592595 0.14953703703703702 0.046296296296296294 0.11944444444444445
0 0.3921296296296296 0.11990740740740741 0.07916666666666666 0.09722222222222222
0 0.3472222222222222 0.13287037037037036 0.08703703703703704 0.08611111111111111
0 0.2212962962962963 0.21203703703703702 0.1162037037037037 0.15185185185185185
0 0.30694444444444446 0.16944444444444445 0.07361111111111111 0.05185185185185185