0 0.6515625 0.784375 0.2328125 0.36796875
0 0.33046875 0.72890625 0.2578125 0.290625
0 0.8109375 0.71328125 0.17265625 0.26953125
0 0.8703125 0.64140625 0.15078125 0.253125
0 0.44609375 0.35390625 0.1046875 0.1546875
0 0.2296875 0.34296875 0.10234375 0.11953125
0 0.4515625 0.165625 0.03671875 0.1265625
0 0.41484375 0.14140625 0.046875 0.11484375
0 0.36328125 0.1265625 0.08203125 0.09296875
0 0.36953125 0.09375 0.05859375 0.0453125
0 0.315625 0.16953125 0.09140625 0.05390625
0 0.259375 0.16328125 0.03203125 0.10625
0 0.20625 0.2046875 0.065625 0.1203125
0 0.1984375 0.17421875 0.0734375 0.11328125