0 0.3236111111111111 0.3731481481481482 0.15555555555555556 0.23703703703703705
0 0.26990740740740743 0.6430555555555556 0.11388888888888889 0.26944444444444443
0 0.35462962962962963 0.8023148148148148 0.2601851851851852 0.39351851851851855
0 0.13240740740740742 0.6467592592592593 0.1412037037037037 0.2564814814814815
0 0.5856481481481481 0.5740740740740741 0.2152777777777778 0.18703703703703703
0 0.5370370370370371 0.4199074074074074 0.2074074074074074 0.25277777777777777
0 0.7277777777777777 0.47129629629629627 0.17916666666666667 0.22592592592592592
0 0.7935185185185185 0.38796296296296295 0.05092592592592592 0.14629629629629629
0 0.7305555555555555 0.38425925925925924 0.07916666666666666 0.14074074074074075
0 0.6675925925925926 0.27685185185185185 0.09305555555555556 0.18888888888888888
0 0.5472222222222223 0.2490740740740741 0.05740740740740741 0.14444444444444443
0 0.5425925925925926 0.14212962962962963 0.06111111111111111 0.10277777777777777
0 0.7865740740740741 0.18703703703703703 0.07685185185185185 0.1111111111111111
0 0.7435185185185185 0.1574074074074074 0.06342592592592593 0.1037037037037037