0 0.35555555555555557 0.8166666666666667 0.1685185185185185 0.3648148148148148
0 0.8347222222222223 0.6699074074074074 0.15138888888888888 0.28055555555555556
0 0.8972222222222223 0.6222222222222222 0.12916666666666668 0.3
0 0.38657407407407407 0.5675925925925925 0.2125 0.3537037037037037
0 0.2675925925925926 0.6472222222222223 0.12222222222222222 0.3925925925925926
0 0.2125 0.4699074074074074 0.05740740740740741 0.20092592592592592
0 0.2847222222222222 0.45185185185185184 0.10925925925925926 0.17407407407407408
0 0.29814814814814816 0.37546296296296294 0.10787037037037037 0.1638888888888889
0 0.42685185185185187 0.2949074074074074 0.08981481481481482 0.1787037037037037
0 0.49907407407407406 0.2273148148148148 0.05185185185185185 0.17685185185185184
0 0.39351851851851855 0.12777777777777777 0.10694444444444444 0.1
0 0.3 0.17314814814814813 0.10092592592592593 0.05925925925925926
0 0.2050925925925926 0.20416666666666666 0.07546296296296297 0.0824074074074074