0 0.7129629629629629 0.9064814814814814 0.13518518518518519 0.18518518518518517
0 0.4078703703703704 0.8032407407407407 0.35138888888888886 0.30833333333333335
0 0.2949074074074074 0.8009259259259259 0.1550925925925926 0.3962962962962963
0 0.55 0.5768518518518518 0.20324074074074075 0.24259259259259258
0 0.6425925925925926 0.4 0.15092592592592594 0.19444444444444445
0 0.5449074074074074 0.27546296296296297 0.13333333333333333 0.16203703703703703
0 0.7712962962962963 0.5740740740740741 0.11805555555555555 0.23148148148148148
0 0.8175925925925925 0.4949074074074074 0.11388888888888889 0.15833333333333333
0 0.8837962962962963 0.6638888888888889 0.13425925925925927 0.25925925925925924
0 0.22175925925925927 0.4837962962962963 0.07037037037037037 0.20092592592592592
0 0.27361111111111114 0.4625 0.08657407407407407 0.19907407407407407
0 0.31851851851851853 0.42824074074074076 0.0837962962962963 0.1787037037037037
0 0.3574074074074074 0.16064814814814815 0.09583333333333334 0.06018518518518518
0 0.27361111111111114 0.1865740740740741 0.08657407407407407 0.06944444444444445
0 0.48935185185185187 0.9175925925925926 0.10555555555555556 0.16296296296296298