0 0.52109375 0.36171875 0.14921875 0.2140625
0 0.3109375 0.75 0.17421875 0.4984375
0 0.15703125 0.64375 0.18984375 0.25703125
0 0.16640625 0.69921875 0.18203125 0.26796875
0 0.63515625 0.83046875 0.20859375 0.33828125
0 0.63359375 0.62109375 0.203125 0.19453125
0 0.74140625 0.684375 0.121875 0.325
0 0.71875 0.39296875 0.08984375 0.1296875
0 0.6078125 0.12421875 0.10078125 0.09140625
0 0.5671875 0.528125 0.2203125 0.1765625
0 0.68515625 0.47265625 0.19453125 0.1546875
0 0.78984375 0.3984375 0.059375 0.17421875
0 0.79375 0.25703125 0.06796875 0.078125
0 0.77734375 0.31328125 0.09921875 0.0609375