0 0.25462962962962965 0.6504629629629629 0.1287037037037037 0.39166666666666666
0 0.13240740740740742 0.6430555555555556 0.1449074074074074 0.25833333333333336
0 0.1476851851851852 0.6925925925925925 0.1412037037037037 0.2740740740740741
0 0.38055555555555554 0.8949074074074074 0.18981481481481483 0.20833333333333334
0 0.6305555555555555 0.8263888888888888 0.20416666666666666 0.3453703703703704
0 0.749537037037037 0.6953703703703704 0.11388888888888889 0.2962962962962963
0 0.575462962962963 0.5157407407407407 0.22685185185185186 0.16296296296296298
0 0.5587962962962963 0.25 0.1175925925925926 0.21296296296296297
0 0.7203703703703703 0.39305555555555555 0.09444444444444444 0.1361111111111111
0 0.6851851851851852 0.4675925925925926 0.19166666666666668 0.13518518518518519
0 0.6370370370370371 0.5995370370370371 0.22916666666666666 0.1712962962962963
0 0.7935185185185185 0.4 0.0587962962962963 0.17962962962962964
0 0.7421296296296296 0.16805555555555557 0.09259259259259259 0.10648148148148148
0 0.7916666666666666 0.2518518518518518 0.07824074074074074 0.0962962962962963
0 0.7828703703703703 0.3106481481481482 0.11342592592592593 0.06574074074074074