0 0.38515625 0.74609375 0.23203125 0.371875
0 0.6609375 0.6296875 0.25703125 0.40546875
0 0.528125 0.51328125 0.184375 0.36640625
0 0.30625 0.46328125 0.11875 0.2109375
0 0.58203125 0.12109375 0.0375 0.09296875
0 0.64296875 0.153125 0.0875 0.0546875
0 0.7203125 0.1859375 0.09921875 0.05703125
0 0.78046875 0.48359375 0.07109375 0.20390625
0 0.7296875 0.4640625 0.08359375 0.18515625
0 0.678125 0.42890625 0.09296875 0.171875
0 0.7125 0.80078125 0.14609375 0.390625
0 0.18359375 0.690625 0.15703125 0.32109375
0 0.12734375 0.66015625 0.13046875 0.3
0 0.10546875 0.6109375 0.13046875 0.2859375