0 0.346875 0.78125 0.1359375 0.43515625
0 0.16953125 0.58828125 0.08984375 0.134375
0 0.24921875 0.50078125 0.07734375 0.2546875
0 0.3453125 0.3140625 0.13515625 0.22109375
0 0.45 0.58046875 0.15078125 0.29453125
0 0.7578125 0.46640625 0.07265625 0.340625
0 0.70390625 0.56640625 0.07890625 0.38984375
0 0.66640625 0.746875 0.15078125 0.38515625
0 0.54140625 0.16875 0.05546875 0.0734375
0 0.5734375 0.159375 0.08671875 0.13515625
0 0.61328125 0.13046875 0.05859375 0.08046875
0 0.65078125 0.13359375 0.05078125 0.09453125
0 0.71640625 0.146875 0.08828125 0.10625
0 0.784375 0.17890625 0.07421875 0.09921875