0 0.6984375 0.81796875 0.12734375 0.36328125
0 0.12265625 0.64296875 0.06171875 0.13125
0 0.24296875 0.56015625 0.13984375 0.23125
0 0.3609375 0.30859375 0.12578125 0.190625
0 0.6625 0.34140625 0.08359375 0.22578125
0 0.778125 0.48359375 0.0703125 0.20703125
0 0.7265625 0.45390625 0.08671875 0.17421875
0 0.7265625 0.25390625 0.04296875 0.17109375
0 0.60625 0.1484375 0.08203125 0.07109375
0 0.64375 0.14921875 0.06015625 0.075
0 0.6671875 0.146875 0.0859375 0.096875
0 0.71953125 0.1921875 0.09375 0.07109375
0 0.76015625 0.196875 0.09609375 0.0796875
0 0.1046875 0.63671875 0.10859375 0.303125