0 0.3640625 0.69609375 0.2984375 0.3296875
0 0.2921875 0.8140625 0.16328125 0.3703125
0 0.68671875 0.92265625 0.2828125 0.153125
0 0.73984375 0.65859375 0.15625 0.353125
0 0.88046875 0.634375 0.1265625 0.31328125
0 0.67109375 0.515625 0.1765625 0.228125
0 0.58671875 0.3796875 0.18203125 0.19296875
0 0.44453125 0.16015625 0.07265625 0.140625
0 0.3484375 0.16484375 0.10234375 0.05390625
0 0.28125 0.18984375 0.10234375 0.06640625
0 0.2203125 0.48046875 0.071875 0.1984375
0 0.26875 0.46328125 0.08046875 0.18671875
0 0.321875 0.43125 0.0921875 0.18515625
0 0.840625 0.61328125 0.09609375 0.12109375