0 0.65 0.896875 0.23359375 0.20390625
0 0.75625 0.65390625 0.11015625 0.328125
0 0.85234375 0.64296875 0.15234375 0.32421875
0 0.88828125 0.59609375 0.13515625 0.32421875
0 0.4515625 0.35078125 0.09296875 0.1546875
0 0.44921875 0.17421875 0.11015625 0.1265625
0 0.2375 0.38046875 0.08359375 0.22421875
0 0.203125 0.3265625 0.05859375 0.08984375
0 0.3953125 0.12109375 0.08671875 0.09921875
0 0.34921875 0.13125 0.075 0.07890625
0 0.30546875 0.175 0.08359375 0.0609375
0 0.21953125 0.19140625 0.11015625 0.12109375