0 0.38425925925925924 0.8319444444444445 0.1675925925925926 0.33425925925925926
0 0.7074074074074074 0.5657407407407408 0.19212962962962962 0.4166666666666667
0 0.4263888888888889 0.6032407407407407 0.21805555555555556 0.25277777777777777
0 0.40694444444444444 0.4532407407407407 0.14444444444444443 0.287962962962963
0 0.16157407407407406 0.6990740740740741 0.1787037037037037 0.25925925925925924
0 0.1162037037037037 0.625 0.1675925925925926 0.22962962962962963
0 0.5162037037037037 0.22962962962962963 0.12824074074074074 0.14074074074074075
0 0.4078703703703704 0.2708333333333333 0.09444444444444444 0.16203703703703703
0 0.737037037037037 0.4148148148148148 0.15092592592592594 0.18703703703703703
0 0.6097222222222223 0.1486111111111111 0.07916666666666666 0.06018518518518518
0 0.7546296296296297 0.28379629629629627 0.13240740740740742 0.1638888888888889
0 0.7527777777777778 0.20601851851851852 0.03657407407407407 0.0824074074074074
0 0.7407407407407407 0.1763888888888889 0.07685185185185185 0.08055555555555556
0 0.6805555555555556 0.40879629629629627 0.06805555555555555 0.1824074074074074
0 0.2740740740740741 0.9550925925925926 0.1361111111111111 0.08796296296296297