0 0.30787037037037035 0.7907407407407407 0.11018518518518519 0.4166666666666667
0 0.6712962962962963 0.8087962962962963 0.13796296296296295 0.3472222222222222
0 0.2361111111111111 0.48333333333333334 0.08842592592592592 0.27037037037037037
0 0.19722222222222222 0.6537037037037037 0.13287037037037036 0.2111111111111111
0 0.12129629629629629 0.6439814814814815 0.13194444444444445 0.3490740740740741
0 0.5398148148148149 0.17175925925925925 0.06296296296296296 0.08611111111111111
0 0.5837962962962963 0.14583333333333334 0.09722222222222222 0.11574074074074074
0 0.6263888888888889 0.11990740740740741 0.04490740740740741 0.075
0 0.6981481481481482 0.17546296296296296 0.10185185185185185 0.06018518518518518
0 0.7953703703703704 0.20555555555555555 0.07361111111111111 0.07777777777777778
0 0.6800925925925926 0.39444444444444443 0.12129629629629629 0.20185185185185187
0 0.7657407407407407 0.46944444444444444 0.09722222222222222 0.19814814814814816
0 0.7384259259259259 0.6949074074074074 0.10787037037037037 0.287962962962963