0 0.8671875 0.66953125 0.14453125 0.29453125
0 0.60859375 0.27890625 0.09765625 0.14296875
0 0.44296875 0.584375 0.2625 0.26875
0 0.271875 0.634375 0.17265625 0.321875
0 0.49296875 0.4203125 0.20234375 0.1296875
0 0.42890625 0.34453125 0.12265625 0.13046875
0 0.56171875 0.3578125 0.17421875 0.146875
0 0.221875 0.37890625 0.06640625 0.240625
0 0.234375 0.25703125 0.1328125 0.15
0 0.21953125 0.18359375 0.1078125 0.11015625
0 0.30859375 0.1515625 0.07421875 0.096875
0 0.38125 0.128125 0.08984375 0.1046875
0 0.4359375 0.14921875 0.03359375 0.11953125