0 0.53046875 0.415625 0.175 0.1390625
0 0.74921875 0.571875 0.15078125 0.23828125
0 0.6609375 0.8984375 0.21953125 0.20078125
0 0.41953125 0.53046875 0.23203125 0.14609375
0 0.25078125 0.6265625 0.12578125 0.30546875
0 0.39375 0.346875 0.15234375 0.19296875
0 0.25546875 0.409375 0.14921875 0.2359375
0 0.453125 0.18359375 0.07734375 0.1703125
0 0.4328125 0.1078125 0.05 0.0765625
0 0.3828125 0.12578125 0.0375 0.09296875
0 0.3 0.15078125 0.08984375 0.09609375
0 0.20703125 0.1828125 0.07890625 0.09921875
0 0.19921875 0.32109375 0.05625 0.184375