0 0.5782407407407407 0.15694444444444444 0.05416666666666667 0.13055555555555556
0 0.5342592592592592 0.16712962962962963 0.0412037037037037 0.1398148148148148
0 0.7907407407407407 0.4217592592592593 0.06157407407407407 0.20277777777777778
0 0.7407407407407407 0.4023148148148148 0.06342592592592593 0.175
0 0.674537037037037 0.44166666666666665 0.19074074074074074 0.3425925925925926
0 0.5472222222222223 0.5513888888888889 0.25046296296296294 0.225
0 0.6425925925925926 0.6805555555555556 0.26944444444444443 0.2962962962962963
0 0.6101851851851852 0.8606481481481482 0.10833333333333334 0.27685185185185185
0 0.4074074074074074 0.8208333333333333 0.09444444444444444 0.35648148148148145
0 0.20092592592592592 0.6953703703703704 0.23657407407407408 0.3148148148148148
0 0.13425925925925927 0.6421296296296296 0.16203703703703703 0.26944444444444443