0 0.84140625 0.64140625 0.18515625 0.2515625
0 0.83125 0.70625 0.17265625 0.28203125
0 0.4171875 0.12578125 0.0390625 0.11953125
0 0.3296875 0.17109375 0.10234375 0.075
0 0.2140625 0.18203125 0.08515625 0.115625
0 0.20625 0.2609375 0.06796875 0.08359375
0 0.23046875 0.3234375 0.11015625 0.0796875
0 0.2125 0.40859375 0.06328125 0.1765625
0 0.2671875 0.38671875 0.0734375 0.12578125
0 0.28125 0.46171875 0.1640625 0.190625
0 0.42890625 0.534375 0.22265625 0.1890625
0 0.36328125 0.61875 0.21171875 0.18359375
0 0.26953125 0.69296875 0.134375 0.3
0 0.36640625 0.8265625 0.20234375 0.3453125