0 0.3074074074074074 0.8152777777777778 0.12916666666666668 0.3675925925925926
0 0.3638888888888889 0.5166666666666667 0.10092592592592593 0.37592592592592594
0 0.6990740740740741 0.6763888888888889 0.19722222222222222 0.35462962962962963
0 0.8578703703703704 0.6217592592592592 0.0787037037037037 0.14722222222222223
0 0.8865740740740741 0.6300925925925925 0.1337962962962963 0.31574074074074077
0 0.22407407407407406 0.487962962962963 0.08009259259259259 0.20925925925925926
0 0.27175925925925926 0.4638888888888889 0.0837962962962963 0.16666666666666666
0 0.23981481481481481 0.19074074074074074 0.0962962962962963 0.07222222222222222
0 0.2800925925925926 0.18888888888888888 0.09722222222222222 0.07037037037037037
0 0.32546296296296295 0.15 0.07175925925925926 0.06481481481481481
0 0.3587962962962963 0.1476851851851852 0.059722222222222225 0.0787037037037037
0 0.37453703703703706 0.15324074074074073 0.043055555555555555 0.058333333333333334
0 0.4125 0.17222222222222222 0.04259259259259259 0.14074074074074075
0 0.4444444444444444 0.15046296296296297 0.05092592592592592 0.12314814814814815