0 0.32592592592592595 0.9092592592592592 0.19814814814814816 0.17962962962962964
0 0.20694444444444443 0.6365740740740741 0.10277777777777777 0.19907407407407407
0 0.12175925925925926 0.6583333333333333 0.125 0.25925925925925924
0 0.3050925925925926 0.5013888888888889 0.19027777777777777 0.25092592592592594
0 0.6833333333333333 0.5453703703703704 0.1875 0.3296296296296296
0 0.549537037037037 0.3527777777777778 0.09074074074074075 0.1574074074074074
0 0.44722222222222224 0.29074074074074074 0.14629629629629629 0.17592592592592593
0 0.5356481481481481 0.17962962962962964 0.08611111111111111 0.13518518518518519
0 0.6129629629629629 0.11342592592592593 0.07916666666666666 0.08981481481481482
0 0.562037037037037 0.11527777777777778 0.027777777777777776 0.06018518518518518
0 0.6861111111111111 0.14629629629629629 0.07824074074074074 0.0962962962962963
0 0.725 0.23796296296296296 0.058333333333333334 0.1537037037037037
0 0.7518518518518519 0.16157407407407406 0.04212962962962963 0.10648148148148148
0 0.8032407407407407 0.19490740740740742 0.05925925925925926 0.09907407407407408