0 0.3421875 0.77265625 0.25859375 0.37109375
0 0.66484375 0.746875 0.17109375 0.44921875
0 0.17578125 0.71171875 0.18828125 0.240625
0 0.13359375 0.6390625 0.15703125 0.259375
0 0.55546875 0.34921875 0.10703125 0.16015625
0 0.653125 0.26875 0.09140625 0.17890625
0 0.77421875 0.34140625 0.09609375 0.11796875
0 0.55 0.153125 0.04453125 0.1265625
0 0.6015625 0.11875 0.05859375 0.08984375
0 0.6453125 0.1296875 0.046875 0.08359375
0 0.68203125 0.16875 0.084375 0.04609375
0 0.74453125 0.1765625 0.0484375 0.11796875
0 0.79453125 0.1546875 0.08984375 0.078125
0 0.78515625 0.21328125 0.08828125 0.05390625