0 0.27314814814814814 0.7023148148148148 0.13518518518518519 0.33055555555555555
0 0.23194444444444445 0.47685185185185186 0.10046296296296296 0.21296296296296297
0 0.8777777777777778 0.6699074074074074 0.1287037037037037 0.3490740740740741
0 0.8986111111111111 0.6226851851851852 0.12314814814814815 0.2898148148148148
0 0.5300925925925926 0.4425925925925926 0.0787037037037037 0.2740740740740741
0 0.4740740740740741 0.3680555555555556 0.0912037037037037 0.16018518518518518
0 0.5462962962962963 0.28564814814814815 0.05555555555555555 0.13425925925925927
0 0.4597222222222222 0.27824074074074073 0.07314814814814814 0.13240740740740742
0 0.41574074074074074 0.1361111111111111 0.08981481481481482 0.11481481481481481
0 0.45740740740740743 0.1685185185185185 0.06527777777777778 0.0962962962962963
0 0.30277777777777776 0.17175925925925925 0.10185185185185185 0.04722222222222222
0 0.3162037037037037 0.1439814814814815 0.07407407407407407 0.03611111111111111
0 0.38287037037037036 0.15185185185185185 0.06342592592592593 0.04259259259259259