0 0.425 0.2984375 0.1109375 0.20078125
0 0.51328125 0.1890625 0.05546875 0.16484375
0 0.56875 0.5265625 0.21953125 0.18203125
0 0.271875 0.59296875 0.15546875 0.246875
0 0.1390625 0.65078125 0.13828125 0.26484375
0 0.09921875 0.72109375 0.07578125 0.18203125
0 0.3703125 0.92734375 0.28203125 0.14375
0 0.66484375 0.87890625 0.103125 0.23984375
0 0.68203125 0.690625 0.14140625 0.3015625
0 0.76171875 0.63984375 0.08515625 0.271875
0 0.715625 0.4515625 0.16796875 0.18515625
0 0.7609375 0.3109375 0.12578125 0.075
0 0.734375 0.36171875 0.07265625 0.12109375
0 0.7921875 0.3984375 0.05078125 0.153125