0 0.6092592592592593 0.4791666666666667 0.10925925925925926 0.27314814814814814
0 0.7601851851851852 0.562962962962963 0.1175925925925926 0.26481481481481484
0 0.8722222222222222 0.6620370370370371 0.14444444444444443 0.2777777777777778
0 0.6680555555555555 0.8944444444444445 0.23842592592592593 0.20925925925925926
0 0.2490740740740741 0.6287037037037037 0.12916666666666668 0.3074074074074074
0 0.4185185185185185 0.5342592592592592 0.2263888888888889 0.15555555555555556
0 0.5217592592592593 0.39166666666666666 0.16018518518518518 0.13703703703703704
0 0.37037037037037035 0.33425925925925926 0.16203703703703703 0.1925925925925926
0 0.25787037037037036 0.4074074074074074 0.1550925925925926 0.23148148148148148
0 0.325 0.14537037037037037 0.07916666666666666 0.08888888888888889
0 0.3888888888888889 0.1388888888888889 0.058333333333333334 0.053703703703703705
0 0.29305555555555557 0.175 0.07592592592592592 0.05185185185185185
0 0.21481481481481482 0.19953703703703704 0.0875 0.049074074074074076