0 0.6402777777777777 0.737037037037037 0.18009259259259258 0.43703703703703706
0 0.25324074074074077 0.7064814814814815 0.1037037037037037 0.20555555555555555
0 0.13194444444444445 0.6560185185185186 0.16111111111111112 0.22685185185185186
0 0.5537037037037037 0.35324074074074074 0.1037037037037037 0.15833333333333333
0 0.6949074074074074 0.39351851851851855 0.12129629629629629 0.2796296296296296
0 0.7754629629629629 0.4634259259259259 0.08657407407407407 0.21574074074074073
0 0.5430555555555555 0.16805555555555557 0.04212962962962963 0.1398148148148148
0 0.6134259259259259 0.12129629629629629 0.09212962962962963 0.1
0 0.674537037037037 0.1962962962962963 0.05925925925925926 0.14814814814814814
0 0.7129629629629629 0.17314814814814813 0.05185185185185185 0.05
0 0.7837962962962963 0.2388888888888889 0.04027777777777778 0.1259259259259259
0 0.7958333333333333 0.15138888888888888 0.09351851851851851 0.0712962962962963
0 0.7851851851851852 0.20601851851851852 0.09722222222222222 0.06018518518518518
0 0.7708333333333334 0.33611111111111114 0.10324074074074074 0.10740740740740741