0 0.2796875 0.6515625 0.1515625 0.390625
0 0.1390625 0.67578125 0.159375 0.29296875
0 0.7234375 0.63125 0.15390625 0.3390625
0 0.49453125 0.44296875 0.175 0.1609375
0 0.42734375 0.35546875 0.15234375 0.14609375
0 0.56796875 0.35078125 0.13671875 0.1484375
0 0.5890625 0.25703125 0.13125 0.1890625
0 0.54765625 0.13984375 0.053125 0.1203125
0 0.609375 0.121875 0.08046875 0.09296875
0 0.6796875 0.12421875 0.0890625 0.0765625
0 0.76171875 0.19921875 0.08046875 0.146875
0 0.68515625 0.17421875 0.07734375 0.05
0 0.80859375 0.21328125 0.04765625 0.0703125
0 0.7765625 0.4453125 0.08046875 0.17421875