0 0.6305555555555555 0.7782407407407408 0.26157407407407407 0.27314814814814814
0 0.38981481481481484 0.7791666666666667 0.24861111111111112 0.275
0 0.25 0.49537037037037035 0.1259259259259259 0.24074074074074073
0 0.10694444444444444 0.6902777777777778 0.16111111111111112 0.21388888888888888
0 0.48564814814814816 0.5958333333333333 0.18888888888888888 0.23796296296296296
0 0.4736111111111111 0.22824074074074074 0.06712962962962964 0.15092592592592594
0 0.6148148148148148 0.1550925925925926 0.10416666666666667 0.11203703703703703
0 0.6425925925925926 0.25833333333333336 0.1300925925925926 0.1648148148148148
0 0.7518518518518519 0.2865740740740741 0.09907407407407408 0.16944444444444445
0 0.7703703703703704 0.4898148148148148 0.10740740740740741 0.29074074074074074
0 0.6759259259259259 0.5273148148148148 0.1875 0.33611111111111114
0 0.7222222222222222 0.4134259259259259 0.10138888888888889 0.12685185185185185
0 0.6828703703703703 0.38472222222222224 0.06527777777777778 0.12314814814814815