0 0.5962962962962963 0.7717592592592593 0.2708333333333333 0.3101851851851852
0 0.1574074074074074 0.5972222222222222 0.075 0.13148148148148148
0 0.7199074074074074 0.6194444444444445 0.10185185185185185 0.4111111111111111
0 0.6 0.5458333333333333 0.1814814814814815 0.3675925925925926
0 0.7199074074074074 0.4708333333333333 0.2013888888888889 0.2101851851851852
0 0.7412037037037037 0.26481481481481484 0.055092592592592596 0.22407407407407406
0 0.5944444444444444 0.1712962962962963 0.062037037037037036 0.14074074074074075
0 0.5449074074074074 0.17037037037037037 0.06342592592592593 0.07777777777777778
0 0.6800925925925926 0.13564814814814816 0.08148148148148149 0.08055555555555556
0 0.7819444444444444 0.2074074074074074 0.0699074074074074 0.1425925925925926
0 0.24537037037037038 0.9138888888888889 0.13055555555555556 0.17037037037037037
0 0.6569444444444444 0.15648148148148147 0.04537037037037037 0.04814814814814815
0 0.6263888888888889 0.1310185185185185 0.04212962962962963 0.075
0 0.7652777777777777 0.1763888888888889 0.0412037037037037 0.09351851851851851