0 0.321875 0.91171875 0.2171875 0.175
0 0.4171875 0.38125 0.1671875 0.13984375
0 0.2875 0.4296875 0.12109375 0.228125
0 0.17578125 0.50546875 0.13125 0.315625
0 0.10625 0.715625 0.06640625 0.21640625
0 0.77421875 0.484375 0.08125 0.209375
0 0.6734375 0.43515625 0.1140625 0.2109375
0 0.74296875 0.37578125 0.06484375 0.22890625
0 0.7765625 0.2125 0.125 0.14921875
0 0.56171875 0.16484375 0.09765625 0.109375
0 0.59921875 0.1125 0.07109375 0.08203125
0 0.65703125 0.15703125 0.06796875 0.07890625
0 0.69140625 0.16953125 0.06171875 0.0765625