0 0.5546296296296296 0.1527777777777778 0.04953703703703704 0.12777777777777777
0 0.6819444444444445 0.1476851851851852 0.10555555555555556 0.11018518518518519
0 0.6712962962962963 0.17731481481481481 0.10972222222222222 0.07685185185185185
0 0.7944444444444444 0.2550925925925926 0.07453703703703704 0.07685185185185185
0 0.7694444444444445 0.31666666666666665 0.11342592592592593 0.07592592592592592
0 0.7953703703703704 0.3972222222222222 0.06527777777777778 0.1814814814814815
0 0.7333333333333333 0.39166666666666666 0.06666666666666667 0.1425925925925926
0 0.7171296296296297 0.4791666666666667 0.1638888888888889 0.21944444444444444
0 0.5694444444444444 0.5347222222222222 0.2212962962962963 0.18796296296296297
0 0.6361111111111111 0.625 0.21574074074074073 0.1962962962962963
0 0.7291666666666666 0.6972222222222222 0.13240740740740742 0.3074074074074074
0 0.6287037037037037 0.8222222222222222 0.20694444444444443 0.34629629629629627
0 0.15925925925925927 0.6523148148148148 0.19490740740740742 0.26944444444444443
0 0.16944444444444445 0.7055555555555556 0.17824074074074073 0.2814814814814815