0 0.38055555555555554 0.8402777777777778 0.2222222222222222 0.3175925925925926
0 0.38842592592592595 0.7180555555555556 0.2675925925925926 0.21944444444444444
0 0.2953703703703704 0.5666666666666667 0.14953703703703702 0.39444444444444443
0 0.8930555555555556 0.6291666666666667 0.1162037037037037 0.3138888888888889
0 0.8634259259259259 0.6273148148148148 0.05925925925925926 0.10277777777777777
0 0.5541666666666667 0.2569444444444444 0.125 0.1712962962962963
0 0.4462962962962963 0.25787037037037036 0.10972222222222222 0.15092592592592594
0 0.3814814814814815 0.11990740740740741 0.07685185185185185 0.09351851851851851
0 0.300462962962963 0.1763888888888889 0.09953703703703703 0.06388888888888888
0 0.20462962962962963 0.2050925925925926 0.07453703703703704 0.0824074074074074
0 0.2101851851851852 0.4666666666666667 0.055092592592592596 0.19814814814814816
0 0.2569444444444444 0.40925925925925927 0.059722222222222225 0.12222222222222222
0 0.29907407407407405 0.36527777777777776 0.11018518518518519 0.14351851851851852
0 0.2898148148148148 0.5662037037037037 0.15416666666666667 0.22314814814814815