0 0.2234375 0.17578125 0.0453125 0.11015625
0 0.39609375 0.1484375 0.07578125 0.07109375
0 0.22421875 0.4828125 0.07265625 0.20859375
0 0.30390625 0.46015625 0.1171875 0.23125
0 0.371875 0.41171875 0.09609375 0.246875
0 0.63671875 0.39140625 0.1 0.15703125
0 0.71953125 0.45390625 0.15703125 0.3046875
0 0.79453125 0.59921875 0.14296875 0.2453125
0 0.90390625 0.72109375 0.0828125 0.22578125
0 0.29375 0.771875 0.14765625 0.33125
0 0.37734375 0.79296875 0.33125 0.2796875
0 0.90078125 0.5890625 0.10625 0.14296875
0 0.740625 0.91953125 0.10390625 0.159375
0 0.32890625 0.91640625 0.11796875 0.16484375