0 0.4111111111111111 0.3162037037037037 0.1125 0.175
0 0.5699074074074074 0.14074074074074075 0.03796296296296296 0.12777777777777777
0 0.537962962962963 0.15555555555555556 0.044444444444444446 0.13703703703703704
0 0.7601851851851852 0.17314814814814813 0.09212962962962963 0.12037037037037036
0 0.7907407407407407 0.4083333333333333 0.05555555555555555 0.17777777777777778
0 0.7351851851851852 0.38657407407407407 0.06805555555555555 0.14907407407407408
0 0.6925925925925925 0.4162037037037037 0.12175925925925926 0.10648148148148148
0 0.6907407407407408 0.587037037037037 0.25046296296296294 0.2722222222222222
0 0.5638888888888889 0.5120370370370371 0.1865740740740741 0.1648148148148148
0 0.45555555555555555 0.825925925925926 0.3101851851851852 0.28703703703703703
0 0.3402777777777778 0.6819444444444445 0.16805555555555557 0.3768518518518518
0 0.1597222222222222 0.6351851851851852 0.22314814814814815 0.20925925925925926
0 0.1476851851851852 0.5898148148148148 0.11944444444444445 0.14629629629629629