0 0.659375 0.828125 0.12265625 0.34296875
0 0.7390625 0.6984375 0.10390625 0.31015625
0 0.19609375 0.6109375 0.19296875 0.26640625
0 0.134375 0.64609375 0.13203125 0.35
0 0.09921875 0.61484375 0.1109375 0.290625
0 0.25 0.440625 0.14921875 0.2140625
0 0.6296875 0.43359375 0.18984375 0.225
0 0.76328125 0.4703125 0.10078125 0.19296875
0 0.7671875 0.3015625 0.13203125 0.15078125
0 0.54296875 0.1703125 0.06640625 0.0796875
0 0.5921875 0.11953125 0.05234375 0.09375
0 0.6484375 0.1234375 0.08984375 0.071875
0 0.69921875 0.17265625 0.09765625 0.05625
0 0.78984375 0.203125 0.0828125 0.07890625