0 0.6856481481481481 0.8916666666666667 0.13055555555555556 0.21481481481481482
0 0.27361111111111114 0.9185185185185185 0.11527777777777778 0.16111111111111112
0 0.13055555555555556 0.6611111111111111 0.1425925925925926 0.3333333333333333
0 0.42824074074074076 0.6106481481481482 0.13194444444444445 0.43425925925925923
0 0.487962962962963 0.41712962962962963 0.15555555555555556 0.23055555555555557
0 0.47314814814814815 0.3199074074074074 0.1449074074074074 0.13796296296296295
0 0.43657407407407406 0.24675925925925926 0.10925925925925926 0.1675925925925926
0 0.6523148148148148 0.21898148148148147 0.10462962962962963 0.13796296296296295
0 0.7902777777777777 0.18425925925925926 0.041666666666666664 0.12407407407407407
0 0.737037037037037 0.19074074074074074 0.08703703703703704 0.06296296296296296
0 0.7837962962962963 0.4685185185185185 0.06111111111111111 0.18518518518518517
0 0.7027777777777777 0.5291666666666667 0.11805555555555555 0.26944444444444443
0 0.7194444444444444 0.6865740740740741 0.14907407407407408 0.2953703703703704