0 0.49453125 0.43125 0.17734375 0.1234375
0 0.4765625 0.37265625 0.16015625 0.06953125
0 0.39375 0.47578125 0.0890625 0.2890625
0 0.34375 0.8953125 0.21875 0.20703125
0 0.13125 0.659375 0.14140625 0.284375
0 0.74609375 0.62109375 0.1234375 0.31015625
0 0.5796875 0.53125 0.22578125 0.16171875
0 0.61171875 0.32265625 0.16953125 0.165625
0 0.74296875 0.39921875 0.1390625 0.2015625
0 0.740625 0.17421875 0.1 0.13515625
0 0.5546875 0.153125 0.053125 0.11953125
0 0.6140625 0.14296875 0.06015625 0.071875
0 0.80390625 0.20625 0.0578125 0.06640625
0 0.6859375 0.1640625 0.0390625 0.059375