0 0.33240740740740743 0.3726851851851852 0.1527777777777778 0.23796296296296296
0 0.5703703703703704 0.5222222222222223 0.22175925925925927 0.18703703703703703
0 0.15648148148148147 0.6398148148148148 0.18888888888888888 0.2537037037037037
0 0.16620370370370371 0.7013888888888888 0.1837962962962963 0.2712962962962963
0 0.6763888888888889 0.14351851851851852 0.08518518518518518 0.12037037037037036
0 0.7643518518518518 0.20416666666666666 0.06620370370370371 0.12685185185185185
0 0.6828703703703703 0.4740740740740741 0.19444444444444445 0.15185185185185185
0 0.6388888888888888 0.6148148148148148 0.21342592592592594 0.18333333333333332
0 0.6259259259259259 0.8305555555555556 0.2101851851851852 0.337037037037037
0 0.7481481481481481 0.6921296296296297 0.11574074074074074 0.287962962962963
0 0.7944444444444444 0.4083333333333333 0.058333333333333334 0.17592592592592593
0 0.7208333333333333 0.39444444444444443 0.08842592592592592 0.13518518518518519
0 0.7810185185185186 0.3138888888888889 0.10277777777777777 0.08888888888888889
0 0.7939814814814815 0.25925925925925924 0.06944444444444445 0.07407407407407407