0 0.29212962962962963 0.7412037037037037 0.12129629629629629 0.4287037037037037
0 0.40694444444444444 0.9666666666666667 0.3384259259259259 0.06481481481481481
0 0.6731481481481482 0.8162037037037037 0.14027777777777778 0.36203703703703705
0 0.7402777777777778 0.6791666666666667 0.11203703703703703 0.2916666666666667
0 0.22685185185185186 0.48842592592592593 0.10787037037037037 0.275
0 0.11574074074074074 0.6027777777777777 0.14675925925925926 0.2962962962962963
0 0.10925925925925926 0.637962962962963 0.10833333333333334 0.3111111111111111
0 0.5425925925925926 0.17175925925925925 0.07037037037037037 0.08611111111111111
0 0.6361111111111111 0.12129629629629629 0.046296296296296294 0.09259259259259259
0 0.6962962962962963 0.17731481481481481 0.11018518518518519 0.11944444444444445
0 0.7962962962962963 0.20462962962962963 0.07361111111111111 0.08333333333333333
0 0.6916666666666667 0.4125 0.06666666666666667 0.23055555555555557
0 0.7620370370370371 0.4666666666666667 0.10416666666666667 0.19444444444444445