0 0.49765625 0.87265625 0.12265625 0.253125
0 0.72265625 0.9046875 0.1375 0.1890625
0 0.3109375 0.809375 0.1296875 0.37890625
0 0.475 0.49140625 0.17890625 0.25078125
0 0.378125 0.4484375 0.12265625 0.28671875
0 0.775 0.634375 0.125 0.35390625
0 0.86875 0.6453125 0.1546875 0.3015625
0 0.8859375 0.60546875 0.11171875 0.25390625
0 0.4453125 0.17421875 0.1078125 0.13125
0 0.35859375 0.1625 0.09140625 0.06171875
0 0.27578125 0.1859375 0.09609375 0.05859375
0 0.2203125 0.48125 0.07265625 0.20390625
0 0.271875 0.4609375 0.07890625 0.1984375
0 0.32265625 0.4359375 0.090625 0.1953125