0 0.2824074074074074 0.925 0.1412037037037037 0.14814814814814814
0 0.14074074074074075 0.6972222222222222 0.13240740740740742 0.22592592592592592
0 0.1412037037037037 0.6453703703703704 0.16203703703703703 0.26851851851851855
0 0.3712962962962963 0.5523148148148148 0.22361111111111112 0.2175925925925926
0 0.6875 0.8962962962962963 0.13333333333333333 0.20555555555555555
0 0.736574074074074 0.6916666666666667 0.11712962962962963 0.3
0 0.712037037037037 0.5069444444444444 0.08472222222222223 0.25277777777777777
0 0.6328703703703704 0.3648148148148148 0.10694444444444444 0.26481481481481484
0 0.4986111111111111 0.324537037037037 0.17824074074074073 0.1787037037037037
0 0.5527777777777778 0.1476851851851852 0.04722222222222222 0.12129629629629629
0 0.6097222222222223 0.12546296296296297 0.0699074074074074 0.09537037037037037
0 0.7347222222222223 0.1912037037037037 0.10138888888888889 0.06388888888888888
0 0.8023148148148148 0.29074074074074074 0.04537037037037037 0.17962962962962964
0 0.7828703703703703 0.46574074074074073 0.06296296296296296 0.18703703703703703