0 0.6657407407407407 0.8847222222222222 0.1935185185185185 0.22870370370370371
0 0.8662037037037037 0.6708333333333333 0.13425925925925927 0.3435185185185185
0 0.30694444444444446 0.8143518518518519 0.12824074074074074 0.36944444444444446
0 0.39537037037037037 0.6333333333333333 0.10138888888888889 0.4351851851851852
0 0.2125 0.4824074074074074 0.05324074074074074 0.2037037037037037
0 0.25833333333333336 0.40324074074074073 0.05648148148148148 0.08611111111111111
0 0.29444444444444445 0.5023148148148148 0.2037037037037037 0.3287037037037037
0 0.44907407407407407 0.16712962962962963 0.07407407407407407 0.08611111111111111
0 0.39490740740740743 0.14814814814814814 0.08287037037037037 0.05740740740740741
0 0.3578703703703704 0.1486111111111111 0.062037037037037036 0.07314814814814814
0 0.28055555555555556 0.18472222222222223 0.09583333333333334 0.06944444444444445
0 0.32175925925925924 0.1486111111111111 0.06805555555555555 0.0712962962962963
0 0.24074074074074073 0.1925925925925926 0.09212962962962963 0.07777777777777778
0 0.1986111111111111 0.1837962962962963 0.062037037037037036 0.11574074074074074