0 0.6356481481481482 0.8953703703703704 0.25462962962962965 0.2074074074074074
0 0.25555555555555554 0.6425925925925926 0.12222222222222222 0.29259259259259257
0 0.812037037037037 0.6768518518518518 0.21712962962962962 0.2351851851851852
0 0.8152777777777778 0.5435185185185185 0.14444444444444443 0.17037037037037037
0 0.8842592592592593 0.6018518518518519 0.13148148148148148 0.31296296296296294
0 0.8689814814814815 0.6597222222222222 0.14027777777777778 0.18796296296296297
0 0.44722222222222224 0.3537037037037037 0.10185185185185185 0.1574074074074074
0 0.22685185185185186 0.34305555555555556 0.10092592592592593 0.12129629629629629
0 0.41805555555555557 0.12962962962962962 0.03009259259259259 0.09444444444444444
0 0.38425925925925924 0.12268518518518519 0.05555555555555555 0.08796296296296297
0 0.31712962962962965 0.16805555555555557 0.0837962962962963 0.041666666666666664
0 0.21388888888888888 0.18564814814814815 0.09305555555555556 0.11388888888888889
0 0.2625 0.16203703703703703 0.03333333333333333 0.09074074074074075