0 0.56015625 0.8140625 0.19375 0.36953125
0 0.359375 0.75390625 0.1671875 0.44921875
0 0.85 0.69609375 0.16796875 0.23359375
0 0.89453125 0.62421875 0.18515625 0.178125
0 0.72578125 0.484375 0.096875 0.23671875
0 0.4328125 0.2984375 0.10859375 0.203125
0 0.49140625 0.228125 0.13046875 0.14453125
0 0.2953125 0.49453125 0.20625 0.246875
0 0.26953125 0.390625 0.15078125 0.15859375
0 0.24765625 0.29375 0.128125 0.2046875
0 0.39609375 0.15 0.08671875 0.0515625
0 0.2515625 0.18359375 0.06328125 0.08671875
0 0.203125 0.16953125 0.0828125 0.10546875