0 0.6370370370370371 0.1259259259259259 0.0912037037037037 0.11296296296296296
0 0.7217592592592592 0.16111111111111112 0.0763888888888889 0.1111111111111111
0 0.7962962962962963 0.1865740740740741 0.07314814814814814 0.09351851851851851
0 0.8027777777777778 0.25462962962962965 0.05787037037037037 0.07407407407407407
0 0.7699074074074074 0.31527777777777777 0.11388888888888889 0.06388888888888888
0 0.7930555555555555 0.40324074074074073 0.058333333333333334 0.1935185185185185
0 0.7296296296296296 0.3768518518518518 0.075 0.13703703703703704
0 0.7194444444444444 0.47685185185185186 0.16157407407407406 0.21851851851851853
0 0.5722222222222222 0.5314814814814814 0.22361111111111112 0.17962962962962964
0 0.6361111111111111 0.6129629629629629 0.2162037037037037 0.18518518518518517
0 0.7296296296296296 0.6898148148148148 0.13703703703703704 0.3074074074074074
0 0.6337962962962963 0.8245370370370371 0.20185185185185187 0.3490740740740741
0 0.15833333333333333 0.6527777777777778 0.19583333333333333 0.2777777777777778
0 0.16712962962962963 0.7037037037037037 0.18009259259259258 0.27037037037037037