0 0.653125 0.83828125 0.26484375 0.32109375
0 0.44140625 0.853125 0.1359375 0.29296875
0 0.29609375 0.80859375 0.146875 0.38046875
0 0.3515625 0.67109375 0.2984375 0.4453125
0 0.225 0.48203125 0.08125 0.20625
0 0.31328125 0.43671875 0.103125 0.196875
0 0.66484375 0.396875 0.153125 0.18359375
0 0.2609375 0.1484375 0.09453125 0.1015625
0 0.43359375 0.15703125 0.10703125 0.13515625
0 0.7890625 0.50703125 0.11484375 0.09453125
0 0.9125 0.73984375 0.08984375 0.22421875
0 0.8125 0.64296875 0.16796875 0.246875
0 0.9 0.5921875 0.10703125 0.1453125
0 0.396875 0.13828125 0.0609375 0.09609375
0 0.371875 0.1328125 0.04453125 0.09921875