0 0.63828125 0.4515625 0.1390625 0.271875
0 0.52421875 0.221875 0.06953125 0.178125
0 0.4671875 0.184375 0.1109375 0.11796875
0 0.425 0.13203125 0.05390625 0.1140625
0 0.21953125 0.25078125 0.09609375 0.159375
0 0.20859375 0.41640625 0.059375 0.19375
0 0.2671875 0.3859375 0.084375 0.13359375
0 0.28359375 0.48125 0.1578125 0.2265625
0 0.41015625 0.53046875 0.20703125 0.16171875
0 0.49453125 0.6578125 0.08515625 0.33984375
0 0.31796875 0.8453125 0.171875 0.30703125
0 0.6671875 0.9109375 0.24765625 0.1734375
0 0.8421875 0.5796875 0.0703125 0.12578125
0 0.896875 0.76953125 0.06328125 0.15
0 0.90390625 0.6875 0.07421875 0.17890625