0 0.6763888888888889 0.7597222222222222 0.18287037037037038 0.4064814814814815
0 0.8629629629629629 0.6453703703703704 0.1550925925925926 0.3333333333333333
0 0.8953703703703704 0.6 0.11712962962962963 0.2759259259259259
0 0.4449074074074074 0.35 0.10092592592592593 0.15925925925925927
0 0.23055555555555557 0.4652777777777778 0.09212962962962963 0.21944444444444444
0 0.31342592592592594 0.32916666666666666 0.08796296296296297 0.17314814814814813
0 0.22824074074074074 0.33564814814814814 0.1 0.10648148148148148
0 0.4527777777777778 0.16898148148148148 0.06620370370370371 0.0787037037037037
0 0.3972222222222222 0.1162037037037037 0.05648148148148148 0.10833333333333334
0 0.3597222222222222 0.20879629629629629 0.03981481481481482 0.16574074074074074
0 0.30324074074074076 0.125 0.08287037037037037 0.07592592592592592
0 0.24861111111111112 0.21805555555555556 0.11342592592592593 0.1175925925925926
0 0.18333333333333332 0.2111111111111111 0.02824074074074074 0.05740740740740741
0 0.3148148148148148 0.1638888888888889 0.07083333333333333 0.05925925925925926