0 0.32890625 0.8109375 0.13671875 0.34375
0 0.25859375 0.69375 0.115625 0.31640625
0 0.23046875 0.47734375 0.09453125 0.2046875
0 0.72265625 0.4390625 0.1609375 0.26640625
0 0.796875 0.475 0.07890625 0.18359375
0 0.7765625 0.615625 0.18203125 0.203125
0 0.84921875 0.68671875 0.2078125 0.1703125
0 0.884375 0.57421875 0.1015625 0.20078125
0 0.46328125 0.17578125 0.06171875 0.084375
0 0.40625 0.14765625 0.075 0.115625
0 0.32734375 0.21953125 0.053125 0.17890625
0 0.28046875 0.18046875 0.06484375 0.05625
0 0.209375 0.203125 0.08671875 0.08671875