0 0.2824074074074074 0.9101851851851852 0.13148148148148148 0.17777777777777778
0 0.18888888888888888 0.5962962962962963 0.10833333333333334 0.25
0 0.11574074074074074 0.7458333333333333 0.11574074074074074 0.19722222222222222
0 0.6907407407407408 0.6222222222222222 0.13472222222222222 0.28703703703703703
0 0.5777777777777777 0.43657407407407406 0.18888888888888888 0.2361111111111111
0 0.7842592592592592 0.4828703703703704 0.07083333333333333 0.23055555555555557
0 0.5037037037037037 0.3541666666666667 0.09537037037037037 0.15092592592592594
0 0.5458333333333333 0.2824074074074074 0.08333333333333333 0.13703703703703704
0 0.5407407407407407 0.16296296296296298 0.06527777777777778 0.10925925925925926
0 0.6018518518518519 0.12777777777777777 0.07962962962962963 0.09444444444444444
0 0.6703703703703704 0.16018518518518518 0.11527777777777778 0.11851851851851852
0 0.812962962962963 0.18425925925925926 0.03287037037037037 0.08888888888888889
0 0.7865740740740741 0.1814814814814815 0.029166666666666667 0.09444444444444444