0 0.290625 0.66640625 0.16796875 0.365625
0 0.1390625 0.66640625 0.15859375 0.31484375
0 0.52109375 0.45859375 0.16328125 0.20078125
0 0.396875 0.41484375 0.11484375 0.20703125
0 0.4109375 0.2890625 0.13515625 0.1734375
0 0.5515625 0.3484375 0.09375 0.15703125
0 0.65 0.33203125 0.09609375 0.18828125
0 0.77109375 0.46875 0.09296875 0.21953125
0 0.76875 0.3296875 0.10703125 0.08515625
0 0.7875 0.20859375 0.08984375 0.065625
0 0.72734375 0.1609375 0.03203125 0.1203125
0 0.68359375 0.15859375 0.0734375 0.0734375
0 0.6015625 0.13203125 0.08046875 0.08671875
0 0.61875 0.10234375 0.05625 0.0640625