0 0.29375 0.3671875 0.13046875 0.2546875
0 0.65078125 0.16640625 0.10078125 0.07421875
0 0.79921875 0.184375 0.08125 0.08984375
0 0.80078125 0.2484375 0.06484375 0.08046875
0 0.7765625 0.315625 0.11953125 0.078125
0 0.79609375 0.40859375 0.0640625 0.20859375
0 0.7328125 0.39140625 0.07265625 0.14296875
0 0.70078125 0.4515625 0.1375 0.18046875
0 0.57265625 0.53203125 0.215625 0.18046875
0 0.7375 0.678125 0.1421875 0.3296875
0 0.6390625 0.59609375 0.2109375 0.22890625
0 0.63125 0.81171875 0.19921875 0.375
0 0.1578125 0.65078125 0.20234375 0.26484375
0 0.16796875 0.7109375 0.17578125 0.2953125