0 0.46296296296296297 0.31574074074074077 0.06342592592592593 0.18888888888888888
0 0.45555555555555555 0.2175925925925926 0.12222222222222222 0.17592592592592593
0 0.7625 0.30694444444444446 0.125 0.07314814814814814
0 0.7939814814814815 0.3972222222222222 0.05462962962962963 0.1685185185185185
0 0.737037037037037 0.3587962962962963 0.06620370370370371 0.11388888888888889
0 0.7152777777777778 0.4425925925925926 0.16018518518518518 0.17222222222222222
0 0.7680555555555556 0.6328703703703704 0.09861111111111111 0.2972222222222222
0 0.5671296296296297 0.525 0.22407407407407406 0.18703703703703703
0 0.674074074074074 0.6875 0.11944444444444445 0.2935185185185185
0 0.6546296296296297 0.8865740740740741 0.0962962962962963 0.225
0 0.36203703703703705 0.8967592592592593 0.24166666666666667 0.20462962962962963
0 0.26064814814814813 0.5944444444444444 0.1787037037037037 0.25555555555555554
0 0.1425925925925926 0.6513888888888889 0.13472222222222222 0.2675925925925926
0 0.09351851851851851 0.7203703703703703 0.07685185185185185 0.20925925925925926