0 0.34120370370370373 0.9018518518518519 0.22777777777777777 0.19444444444444445
0 0.10555555555555556 0.6851851851851852 0.09027777777777778 0.2
0 0.22685185185185186 0.6305555555555555 0.09212962962962963 0.25
0 0.2902777777777778 0.4587962962962963 0.15787037037037038 0.2101851851851852
0 0.17731481481481481 0.513425925925926 0.10787037037037037 0.25833333333333336
0 0.7296296296296296 0.575925925925926 0.09675925925925925 0.4111111111111111
0 0.549074074074074 0.35138888888888886 0.09351851851851851 0.1527777777777778
0 0.7837962962962963 0.4060185185185185 0.05925925925925926 0.24722222222222223
0 0.7101851851851851 0.2865740740740741 0.13472222222222222 0.15648148148148147
0 0.6069444444444444 0.1162037037037037 0.09583333333333334 0.08981481481481482
0 0.687962962962963 0.1398148148148148 0.09722222222222222 0.09074074074074075
0 0.750462962962963 0.12685185185185185 0.029166666666666667 0.07407407407407407
0 0.7796296296296297 0.21064814814814814 0.11018518518518519 0.11388888888888889
0 0.7981481481481482 0.17407407407407408 0.07361111111111111 0.1037037037037037