0 0.24537037037037038 0.5689814814814815 0.125 0.22870370370370371
0 0.1259259259259259 0.6574074074074074 0.13796296296296295 0.2759259259259259
0 0.33564814814814814 0.9074074074074074 0.24305555555555555 0.18333333333333332
0 0.5814814814814815 0.5300925925925926 0.22870370370370371 0.1527777777777778
0 0.4685185185185185 0.4203703703703704 0.14907407407407408 0.11851851851851852
0 0.3685185185185185 0.44351851851851853 0.13148148148148148 0.20555555555555555
0 0.7435185185185185 0.6481481481481481 0.10925925925925926 0.2518518518518518
0 0.7217592592592592 0.4462962962962963 0.19027777777777777 0.3351851851851852
0 0.7444444444444445 0.3819444444444444 0.14629629629629629 0.2101851851851852
0 0.7828703703703703 0.274537037037037 0.08009259259259259 0.15092592592592594
0 0.7865740740740741 0.20601851851851852 0.0837962962962963 0.075
0 0.7129629629629629 0.1685185185185185 0.06157407407407407 0.07777777777777778
0 0.663425925925926 0.13703703703703704 0.04027777777777778 0.09444444444444444
0 0.6171296296296296 0.14166666666666666 0.0587962962962963 0.06851851851851852