0 0.38671875 0.60859375 0.1625 0.365625
0 0.28046875 0.7 0.15 0.32421875
0 0.23828125 0.4703125 0.1078125 0.19296875
0 0.7828125 0.653125 0.11484375 0.21328125
0 0.86875 0.64921875 0.12890625 0.32890625
0 0.89375 0.6140625 0.11484375 0.28671875
0 0.5890625 0.33046875 0.07265625 0.1953125
0 0.459375 0.27890625 0.07109375 0.1296875
0 0.4171875 0.1484375 0.06484375 0.103125
0 0.4578125 0.16640625 0.06171875 0.08515625
0 0.303125 0.178125 0.09765625 0.06171875
0 0.290625 0.1359375 0.0609375 0.09296875
0 0.35625 0.121875 0.07578125 0.08359375
0 0.40390625 0.09375 0.04921875 0.04140625