0 0.5109375 0.81953125 0.25078125 0.35859375
0 0.721875 0.91875 0.16484375 0.16015625
0 0.30703125 0.81640625 0.13046875 0.365625
0 0.30859375 0.53203125 0.19375 0.31953125
0 0.22109375 0.4796875 0.071875 0.1984375
0 0.30703125 0.384375 0.059375 0.09140625
0 0.20625 0.28359375 0.0640625 0.19375
0 0.465625 0.1671875 0.05234375 0.13203125
0 0.56640625 0.3203125 0.07734375 0.18671875
0 0.66328125 0.39765625 0.14921875 0.18046875
0 0.72109375 0.68203125 0.15546875 0.36015625
0 0.821875 0.646875 0.1421875 0.3359375
0 0.87578125 0.659375 0.11796875 0.29921875
0 0.25703125 0.428125 0.05078125 0.12109375
0 0.76796875 0.50234375 0.07890625 0.065625