0 0.6398148148148148 0.7175925925925926 0.29212962962962963 0.3592592592592593
0 0.3300925925925926 0.8814814814814815 0.18796296296296297 0.2351851851851852
0 0.6814814814814815 0.5625 0.19444444444444445 0.3212962962962963
0 0.7754629629629629 0.4842592592592593 0.07777777777777778 0.19814814814814816
0 0.6888888888888889 0.3958333333333333 0.09537037037037037 0.13796296296296295
0 0.475462962962963 0.5296296296296297 0.16805555555555557 0.2074074074074074
0 0.4217592592592593 0.37962962962962965 0.16805555555555557 0.1388888888888889
0 0.35185185185185186 0.3578703703703704 0.1537037037037037 0.21388888888888888
0 0.2101851851851852 0.7106481481481481 0.25925925925925924 0.27314814814814814
0 0.14953703703703702 0.6611111111111111 0.14305555555555555 0.3074074074074074
0 0.2375 0.5078703703703704 0.09675925925925925 0.10277777777777777
0 0.5365740740740741 0.15416666666666667 0.06388888888888888 0.1287037037037037
0 0.7791666666666667 0.2101851851851852 0.09907407407407408 0.07962962962962963
0 0.6569444444444444 0.1537037037037037 0.06759259259259259 0.07222222222222222
0 0.6078703703703704 0.14629629629629629 0.06805555555555555 0.06296296296296296