0 0.6148148148148148 0.7462962962962963 0.2324074074074074 0.37222222222222223
0 0.3388888888888889 0.6296296296296297 0.2574074074074074 0.40555555555555556
0 0.47175925925925927 0.512962962962963 0.18425925925925926 0.36666666666666664
0 0.6935185185185185 0.46296296296296297 0.11851851851851852 0.2111111111111111
0 0.41805555555555557 0.12129629629629629 0.0375 0.09259259259259259
0 0.35694444444444445 0.15324074074074073 0.0875 0.05462962962962963
0 0.2796296296296296 0.18611111111111112 0.09953703703703703 0.05740740740740741
0 0.21944444444444444 0.48333333333333334 0.07083333333333333 0.2037037037037037
0 0.27037037037037037 0.4638888888888889 0.0837962962962963 0.18518518518518517
0 0.32175925925925924 0.4287037037037037 0.09259259259259259 0.17222222222222222
0 0.287962962962963 0.8009259259259259 0.14629629629629629 0.3907407407407407
0 0.8162037037037037 0.6902777777777778 0.1574074074074074 0.3212962962962963
0 0.8731481481481481 0.6601851851851852 0.1300925925925926 0.3
0 0.8944444444444445 0.6106481481481482 0.1300925925925926 0.2861111111111111