0 0.6625 0.91171875 0.27265625 0.17421875
0 0.678125 0.640625 0.1609375 0.3703125
0 0.77421875 0.58671875 0.11015625 0.20390625
0 0.853125 0.54296875 0.11484375 0.1234375
0 0.8921875 0.690625 0.11953125 0.19453125
0 0.36875 0.68203125 0.28203125 0.31484375
0 0.290625 0.80703125 0.165625 0.384375
0 0.43828125 0.48125 0.22421875 0.24140625
0 0.31796875 0.42890625 0.08515625 0.178125
0 0.2875 0.46328125 0.11015625 0.1953125
0 0.22265625 0.48203125 0.07265625 0.20625
0 0.4203125 0.17734375 0.06953125 0.146875
0 0.353125 0.15390625 0.09296875 0.06328125
0 0.27890625 0.1875 0.09609375 0.06953125