0 0.2921875 0.41640625 0.19453125 0.18515625
0 0.44609375 0.2703125 0.053125 0.1703125
0 0.51875 0.16953125 0.05234375 0.1515625
0 0.56953125 0.14296875 0.03828125 0.125
0 0.7171875 0.20546875 0.06640625 0.1609375
0 0.53984375 0.384375 0.140625 0.25
0 0.65625 0.63359375 0.28671875 0.39140625
0 0.709375 0.478125 0.15234375 0.2359375
0 0.78984375 0.4140625 0.05703125 0.18984375
0 0.7296875 0.40078125 0.0828125 0.1703125
0 0.30390625 0.66171875 0.1734375 0.33203125
0 0.17734375 0.67109375 0.20078125 0.346875
0 0.1296875 0.63203125 0.14453125 0.25390625
0 0.5109375 0.59765625 0.07578125 0.1640625