0 0.5875 0.5518518518518518 0.24074074074074073 0.22037037037037038
0 0.43657407407407406 0.18194444444444444 0.0912037037037037 0.13425925925925927
0 0.3453703703703704 0.17314814814814813 0.1 0.07407407407407407
0 0.22777777777777777 0.30648148148148147 0.10972222222222222 0.1
0 0.21064814814814814 0.412962962962963 0.059722222222222225 0.18518518518518517
0 0.26342592592592595 0.3888888888888889 0.06666666666666667 0.15555555555555556
0 0.28935185185185186 0.44166666666666665 0.1537037037037037 0.15
0 0.27175925925925926 0.6462962962962963 0.11712962962962963 0.30925925925925923
0 0.37222222222222223 0.5949074074074074 0.1875 0.19166666666666668
0 0.4203703703703704 0.5055555555555555 0.19722222222222222 0.13518518518518519
0 0.3638888888888889 0.8138888888888889 0.19074074074074074 0.36666666666666664
0 0.5824074074074074 0.7856481481481481 0.30277777777777776 0.3398148148148148
0 0.8412037037037037 0.649537037037037 0.18333333333333332 0.2601851851851852
0 0.825462962962963 0.7023148148148148 0.17546296296296296 0.27314814814814814