0 0.42265625 0.83046875 0.12109375 0.33828125
0 0.64296875 0.80078125 0.121875 0.33203125
0 0.3265625 0.6890625 0.17265625 0.40625
0 0.17421875 0.56640625 0.18671875 0.334375
0 0.09921875 0.63359375 0.10078125 0.30859375
0 0.73984375 0.684375 0.1125 0.296875
0 0.76171875 0.471875 0.11015625 0.20078125
0 0.6953125 0.32890625 0.1390625 0.18359375
0 0.50703125 0.2140625 0.04921875 0.165625
0 0.5921875 0.1484375 0.05703125 0.10390625
0 0.69765625 0.1734375 0.10078125 0.0640625
0 0.62421875 0.11640625 0.0734375 0.084375
0 0.5515625 0.16640625 0.06015625 0.08359375
0 0.1375 0.6234375 0.06171875 0.11875