0 0.6359375 0.85625 0.18671875 0.28515625
0 0.38203125 0.83203125 0.225 0.33359375
0 0.39140625 0.7046875 0.26015625 0.22421875
0 0.75078125 0.5984375 0.13984375 0.34375
0 0.88515625 0.66328125 0.16953125 0.23984375
0 0.3046875 0.56640625 0.2015625 0.31484375
0 0.35859375 0.31875 0.10859375 0.1953125
0 0.38515625 0.12890625 0.0875 0.09140625
0 0.23515625 0.45234375 0.10625 0.196875
0 0.28203125 0.390625 0.0875 0.15625
0 0.31875 0.36640625 0.084375 0.128125
0 0.2359375 0.28046875 0.1203125 0.2203125
0 0.2125 0.2046875 0.08359375 0.08125
0 0.3046875 0.16953125 0.08515625 0.05703125