0 0.5050925925925925 0.4310185185185185 0.17685185185185184 0.12314814814814815
0 0.5236111111111111 0.3726851851851852 0.1597222222222222 0.06944444444444445
0 0.6060185185185185 0.4759259259259259 0.08888888888888889 0.28888888888888886
0 0.6564814814814814 0.8953703703703704 0.21851851851851853 0.2074074074074074
0 0.8689814814814815 0.6597222222222222 0.1412037037037037 0.28425925925925927
0 0.2537037037037037 0.6208333333333333 0.12361111111111112 0.3101851851851852
0 0.4199074074074074 0.5310185185185186 0.22546296296296298 0.16203703703703703
0 0.38842592592592595 0.3226851851851852 0.16944444444444445 0.16574074074074074
0 0.2569444444444444 0.3990740740740741 0.1388888888888889 0.20185185185185187
0 0.25925925925925924 0.17407407407407408 0.1 0.13518518518518519
0 0.44537037037037036 0.15324074074074073 0.05324074074074074 0.11944444444444445
0 0.38564814814814813 0.1425925925925926 0.059722222222222225 0.07222222222222222
0 0.1962962962962963 0.2064814814814815 0.05787037037037037 0.06666666666666667
0 0.3143518518518518 0.1638888888888889 0.03888888888888889 0.05925925925925926