0 0.4097222222222222 0.5171296296296296 0.18194444444444444 0.23796296296296296
0 0.47453703703703703 0.41712962962962963 0.13518518518518519 0.11944444444444445
0 0.44537037037037036 0.3287037037037037 0.09259259259259259 0.13148148148148148
0 0.5736111111111111 0.33055555555555555 0.16157407407407406 0.1111111111111111
0 0.5819444444444445 0.42777777777777776 0.08888888888888889 0.21296296296296297
0 0.6759259259259259 0.39861111111111114 0.07777777777777778 0.20462962962962963
0 0.8472222222222222 0.6754629629629629 0.18287037037037038 0.2861111111111111
0 0.22453703703703703 0.4601851851851852 0.08333333333333333 0.2222222222222222
0 0.21574074074074073 0.3425925925925926 0.08009259259259259 0.12037037037037036
0 0.24027777777777778 0.15787037037037038 0.0787037037037037 0.09907407407407408
0 0.21574074074074073 0.20185185185185187 0.09212962962962963 0.06111111111111111
0 0.30694444444444446 0.1259259259259259 0.06018518518518518 0.07222222222222222
0 0.3148148148148148 0.16203703703703703 0.0763888888888889 0.06851851851851852
0 0.5509259259259259 0.21898148148148147 0.08842592592592592 0.16203703703703703