0 0.1328125 0.58125 0.16328125 0.2796875
0 0.1234375 0.75546875 0.13828125 0.1953125
0 0.4703125 0.421875 0.19140625 0.19140625
0 0.284375 0.90859375 0.13046875 0.18046875
0 0.746875 0.584375 0.15859375 0.3515625
0 0.70859375 0.42734375 0.128125 0.2265625
0 0.6109375 0.3109375 0.07734375 0.240625
0 0.5453125 0.28046875 0.07578125 0.13203125
0 0.52265625 0.340625 0.09453125 0.11875
0 0.54296875 0.1734375 0.06796875 0.08046875
0 0.6109375 0.11953125 0.08359375 0.09140625
0 0.70234375 0.14609375 0.09765625 0.096875
0 0.7859375 0.18125 0.04375 0.09296875
0 0.7921875 0.4734375 0.05859375 0.20703125