0 0.5828125 0.53671875 0.23984375 0.1640625
0 0.515625 0.4234375 0.18515625 0.14296875
0 0.4640625 0.37109375 0.1734375 0.1203125
0 0.3828125 0.32421875 0.13046875 0.2046875
0 0.334375 0.89453125 0.2390625 0.209375
0 0.1296875 0.6625 0.14453125 0.2765625
0 0.73125 0.628125 0.16953125 0.31640625
0 0.6 0.32578125 0.15078125 0.18359375
0 0.5296875 0.18828125 0.1140625 0.13515625
0 0.60859375 0.14453125 0.05234375 0.06640625
0 0.6453125 0.1265625 0.03515625 0.090625
0 0.70078125 0.171875 0.0875 0.06796875
0 0.7875 0.19609375 0.0921875 0.05078125
0 0.79609375 0.26796875 0.07734375 0.153125