0 0.390625 0.47890625 0.109375 0.2734375
0 0.23984375 0.56328125 0.11796875 0.26484375
0 0.128125 0.66171875 0.14453125 0.278125
0 0.33203125 0.89453125 0.23828125 0.209375
0 0.75078125 0.62890625 0.12890625 0.30703125
0 0.58125 0.534375 0.2265625 0.15546875
0 0.478125 0.39140625 0.16015625 0.13671875
0 0.6296875 0.334375 0.16171875 0.19296875
0 0.7421875 0.40703125 0.15546875 0.23125
0 0.675 0.1453125 0.07890625 0.0890625
0 0.6109375 0.1390625 0.05859375 0.05390625
0 0.70703125 0.175 0.07578125 0.0515625
0 0.78515625 0.19921875 0.0875 0.04921875