0 0.3472222222222222 0.725 0.21944444444444444 0.45
0 0.5773148148148148 0.6578703703703703 0.15138888888888888 0.30277777777777776
0 0.7106481481481481 0.65 0.2152777777777778 0.2759259259259259
0 0.8740740740740741 0.6606481481481481 0.13518518518518519 0.31574074074074077
0 0.5148148148148148 0.42685185185185187 0.13240740740740742 0.2851851851851852
0 0.5819444444444445 0.3875 0.06388888888888888 0.19907407407407407
0 0.662962962962963 0.4439814814814815 0.06018518518518518 0.2564814814814815
0 0.41898148148148145 0.12731481481481483 0.034722222222222224 0.09907407407407408
0 0.37962962962962965 0.1449074074074074 0.07407407407407407 0.06388888888888888
0 0.2671296296296296 0.38796296296296295 0.1699074074074074 0.13703703703703704
0 0.39305555555555555 0.3712962962962963 0.06527777777777778 0.22407407407407406
0 0.29074074074074074 0.5671296296296297 0.1912037037037037 0.38796296296296295
0 0.29305555555555557 0.45694444444444443 0.19537037037037036 0.2601851851851852
0 0.21388888888888888 0.20277777777777778 0.09305555555555556 0.09814814814814815