0 0.30185185185185187 0.8175925925925925 0.12777777777777777 0.362962962962963
0 0.8773148148148148 0.6425925925925926 0.062037037037037036 0.13148148148148148
0 0.7569444444444444 0.5601851851851852 0.14027777777777778 0.23148148148148148
0 0.6388888888888888 0.30833333333333335 0.12546296296296297 0.19074074074074074
0 0.3375 0.3416666666666667 0.08333333333333333 0.22592592592592592
0 0.22175925925925927 0.48333333333333334 0.07037037037037037 0.2074074074074074
0 0.27361111111111114 0.4537037037037037 0.08657407407407407 0.17407407407407408
0 0.27314814814814814 0.25416666666666665 0.043055555555555555 0.1712962962962963
0 0.39351851851851855 0.1486111111111111 0.08194444444444444 0.0712962962962963
0 0.35648148148148145 0.14953703703703702 0.059722222222222225 0.075
0 0.33240740740740743 0.14675925925925926 0.08611111111111111 0.09722222222222222
0 0.2800925925925926 0.19212962962962962 0.09351851851851851 0.0712962962962963
0 0.23981481481481481 0.19722222222222222 0.0962962962962963 0.07962962962962963
0 0.8953703703703704 0.6365740740740741 0.10833333333333334 0.30277777777777776