0 0.4976851851851852 0.8726851851851852 0.12222222222222222 0.25277777777777777
0 0.7231481481481481 0.9046296296296297 0.1375 0.18888888888888888
0 0.3111111111111111 0.8097222222222222 0.12962962962962962 0.3787037037037037
0 0.475462962962963 0.4912037037037037 0.1787037037037037 0.25092592592592594
0 0.37777777777777777 0.44814814814814813 0.12222222222222222 0.28703703703703703
0 0.775 0.6342592592592593 0.125 0.3537037037037037
0 0.8685185185185185 0.6453703703703704 0.15462962962962962 0.30185185185185187
0 0.8861111111111111 0.6055555555555555 0.11157407407407408 0.2537037037037037
0 0.4449074074074074 0.17407407407407408 0.10787037037037037 0.13148148148148148
0 0.3587962962962963 0.1625 0.09166666666666666 0.062037037037037036
0 0.27546296296296297 0.18564814814814815 0.09583333333333334 0.058333333333333334
0 0.22037037037037038 0.48148148148148145 0.07314814814814814 0.2037037037037037
0 0.27175925925925926 0.46111111111111114 0.07916666666666666 0.19814814814814816
0 0.32222222222222224 0.4356481481481482 0.09074074074074075 0.19537037037037036