0 0.47109375 0.41640625 0.18046875 0.14375
0 0.24609375 0.58671875 0.16015625 0.26875
0 0.6515625 0.59375 0.190625 0.3234375
0 0.74921875 0.62578125 0.125 0.3046875
0 0.34296875 0.9015625 0.221875 0.19453125
0 0.540625 0.52578125 0.15703125 0.14609375
0 0.69140625 0.36171875 0.17265625 0.17578125
0 0.56640625 0.165625 0.10234375 0.14453125
0 0.6171875 0.128125 0.06171875 0.0859375
0 0.70546875 0.14140625 0.0765625 0.08984375
0 0.771875 0.2015625 0.09921875 0.06796875
0 0.7953125 0.328125 0.04453125 0.19375