0 0.3990740740740741 0.36064814814814816 0.08472222222222223 0.20092592592592592
0 0.5902777777777778 0.13055555555555556 0.07175925925925926 0.0962962962962963
0 0.6074074074074074 0.15462962962962962 0.08657407407407407 0.040740740740740744
0 0.6842592592592592 0.19814814814814816 0.06759259259259259 0.13148148148148148
0 0.7907407407407407 0.2050925925925926 0.09027777777777778 0.062037037037037036
0 0.7564814814814815 0.287962962962963 0.14305555555555555 0.07777777777777778
0 0.7842592592592592 0.4027777777777778 0.0699074074074074 0.1685185185185185
0 0.5652777777777778 0.5222222222222223 0.22592592592592592 0.17592592592592593
0 0.7347222222222223 0.6268518518518519 0.10555555555555556 0.3074074074074074
0 0.6944444444444444 0.8842592592592593 0.1361111111111111 0.22962962962962963
0 0.3509259259259259 0.9060185185185186 0.25046296296296294 0.18611111111111112
0 0.24722222222222223 0.5916666666666667 0.12222222222222222 0.24814814814814815
0 0.12916666666666668 0.6083333333333333 0.06342592592592593 0.15925925925925927