0 0.38472222222222224 0.8361111111111111 0.2375 0.32592592592592595
0 0.8092592592592592 0.6925925925925925 0.2611111111111111 0.2611111111111111
0 0.8787037037037037 0.5953703703703703 0.1962962962962963 0.22962962962962963
0 0.887962962962963 0.5444444444444444 0.08703703703703704 0.12962962962962962
0 0.7486111111111111 0.462037037037037 0.16203703703703703 0.2722222222222222
0 0.3611111111111111 0.14722222222222223 0.03518518518518519 0.10185185185185185
0 0.29907407407407405 0.17453703703703705 0.10046296296296296 0.06759259259259259
0 0.2050925925925926 0.2050925925925926 0.08055555555555556 0.09166666666666666
0 0.34120370370370373 0.5268518518518519 0.1 0.29074074074074074
0 0.3888888888888889 0.6907407407407408 0.2652777777777778 0.18703703703703703
0 0.2199074074074074 0.47453703703703703 0.07222222222222222 0.21574074074074073
0 0.27361111111111114 0.4532407407407407 0.08657407407407407 0.1675925925925926
0 0.29444444444444445 0.3662037037037037 0.1050925925925926 0.15462962962962962
0 0.850462962962963 0.6319444444444444 0.13796296296296295 0.1398148148148148