0 0.71328125 0.675 0.17265625 0.37578125
0 0.8703125 0.66640625 0.15703125 0.26953125
0 0.2265625 0.4640625 0.09140625 0.21328125
0 0.34453125 0.3359375 0.10234375 0.18984375
0 0.465625 0.334375 0.1171875 0.1015625
0 0.5890625 0.415625 0.1015625 0.209375
0 0.5984375 0.30390625 0.1375 0.178125
0 0.4546875 0.434375 0.19140625 0.165625
0 0.22578125 0.33671875 0.09921875 0.1046875
0 0.27109375 0.159375 0.03984375 0.1234375
0 0.3234375 0.1640625 0.09140625 0.0703125
0 0.3796875 0.11015625 0.05703125 0.06875
0 0.4125 0.14140625 0.08828125 0.11640625
0 0.20859375 0.2078125 0.0921875 0.065625