0 0.27265625 0.70234375 0.13515625 0.33046875
0 0.23203125 0.4765625 0.10078125 0.21328125
0 0.878125 0.66953125 0.12890625 0.34921875
0 0.8984375 0.62265625 0.12265625 0.28984375
0 0.5296875 0.44296875 0.07890625 0.27421875
0 0.47421875 0.36796875 0.09140625 0.16015625
0 0.54609375 0.2859375 0.05546875 0.134375
0 0.46015625 0.278125 0.07265625 0.13203125
0 0.415625 0.1359375 0.08984375 0.11484375
0 0.4578125 0.16875 0.06484375 0.09609375
0 0.30234375 0.171875 0.10234375 0.046875
0 0.31640625 0.14375 0.07421875 0.0359375
0 0.3828125 0.1515625 0.06328125 0.04296875