0 0.375 0.8629629629629629 0.26481481481481484 0.26296296296296295
0 0.2861111111111111 0.9435185185185185 0.18194444444444444 0.1111111111111111
0 0.19814814814814816 0.7166666666666667 0.16296296296296298 0.3388888888888889
0 0.1361111111111111 0.6685185185185185 0.1574074074074074 0.3351851851851852
0 0.10740740740740741 0.6171296296296296 0.12685185185185185 0.3212962962962963
0 0.6777777777777778 0.6990740740740741 0.23657407407407408 0.2814814814814815
0 0.4648148148148148 0.2689814814814815 0.07083333333333333 0.17685185185185184
0 0.6962962962962963 0.4773148148148148 0.19953703703703704 0.22685185185185186
0 0.7305555555555555 0.40324074074074073 0.14629629629629629 0.1527777777777778
0 0.6060185185185185 0.15 0.08287037037037037 0.04814814814814815
0 0.6666666666666666 0.14351851851851852 0.05185185185185185 0.1
0 0.7615740740740741 0.2865740740740741 0.12824074074074074 0.16203703703703703
0 0.7935185185185185 0.2037037037037037 0.0625 0.09259259259259259
0 0.7486111111111111 0.20925925925925926 0.09027777777777778 0.06111111111111111