0 0.8671296296296296 0.5814814814814815 0.16296296296296298 0.2796296296296296
0 0.8768518518518519 0.7550925925925925 0.13796296296296295 0.19537037037037036
0 0.5300925925925926 0.4217592592592593 0.1912037037037037 0.19166666666666668
0 0.7157407407407408 0.9087962962962963 0.13055555555555556 0.18055555555555555
0 0.25324074074074077 0.5842592592592593 0.1587962962962963 0.35185185185185186
0 0.2916666666666667 0.4273148148148148 0.12824074074074074 0.22685185185185186
0 0.3888888888888889 0.3111111111111111 0.07685185185185185 0.24074074074074073
0 0.4550925925925926 0.2800925925925926 0.07546296296296297 0.13240740740740742
0 0.4773148148148148 0.34074074074074073 0.09444444444444444 0.11851851851851852
0 0.45694444444444443 0.1736111111111111 0.06805555555555555 0.08055555555555556
0 0.3888888888888889 0.11990740740740741 0.0837962962962963 0.09166666666666666
0 0.29814814814814816 0.14583333333333334 0.09814814814814815 0.09722222222222222
0 0.21388888888888888 0.1814814814814815 0.04351851851851852 0.09259259259259259
0 0.20787037037037037 0.47314814814814815 0.058333333333333334 0.2074074074074074