0 0.27870370370370373 0.4273148148148148 0.11805555555555555 0.27870370370370373
0 0.14444444444444443 0.611574074074074 0.06805555555555555 0.13055555555555556
0 0.1111111111111111 0.6236111111111111 0.12222222222222222 0.36574074074074076
0 0.6462962962962963 0.700462962962963 0.24305555555555555 0.325
0 0.7245370370370371 0.5074074074074074 0.08842592592592592 0.34444444444444444
0 0.6388888888888888 0.4162037037037037 0.1537037037037037 0.23055555555555557
0 0.7805555555555556 0.48055555555555557 0.06805555555555555 0.2037037037037037
0 0.5569444444444445 0.17037037037037037 0.08518518518518518 0.07962962962962963
0 0.6106481481481482 0.1287037037037037 0.07777777777777778 0.09814814814814815
0 0.7856481481481481 0.2861111111111111 0.06712962962962964 0.17962962962962964
0 0.7555555555555555 0.16342592592592592 0.07083333333333333 0.10092592592592593
0 0.6472222222222223 0.15555555555555556 0.06296296296296296 0.05925925925925926
0 0.674537037037037 0.15833333333333333 0.06620370370370371 0.06666666666666667
0 0.2828703703703704 0.9064814814814814 0.11203703703703703 0.18518518518518517