0 0.5087962962962963 0.9078703703703703 0.225 0.1824074074074074
0 0.7111111111111111 0.8134259259259259 0.1587962962962963 0.3712962962962963
0 0.3449074074074074 0.8412037037037037 0.2708333333333333 0.31574074074074077
0 0.22175925925925927 0.600462962962963 0.2 0.25833333333333336
0 0.09259259259259259 0.7171296296296297 0.09027777777777778 0.20277777777777778
0 0.10416666666666667 0.587037037037037 0.1050925925925926 0.13148148148148148
0 0.3347222222222222 0.3990740740740741 0.15648148148148147 0.17962962962962964
0 0.5898148148148148 0.4398148148148148 0.16296296296296298 0.32222222222222224
0 0.7787037037037037 0.4837962962962963 0.07175925925925926 0.20277777777777778
0 0.7240740740740741 0.4671296296296296 0.0912037037037037 0.2064814814814815
0 0.6782407407407407 0.43148148148148147 0.09212962962962963 0.18518518518518517
0 0.6203703703703703 0.13425925925925927 0.1 0.08518518518518518
0 0.5388888888888889 0.14907407407407408 0.07361111111111111 0.13148148148148148
0 0.5875 0.28055555555555556 0.058333333333333334 0.17407407407407408