0 0.27314814814814814 0.9069444444444444 0.11157407407407408 0.18425925925925926
0 0.6393518518518518 0.7148148148148148 0.24861111111111112 0.3648148148148148
0 0.774537037037037 0.48148148148148145 0.0787037037037037 0.20555555555555555
0 0.7800925925925926 0.20972222222222223 0.10277777777777777 0.0824074074074074
0 0.6763888888888889 0.41805555555555557 0.12037037037037036 0.175
0 0.7175925925925926 0.5652777777777778 0.14953703703703702 0.3972222222222222
0 0.4212962962962963 0.38333333333333336 0.1648148148148148 0.1388888888888889
0 0.32037037037037036 0.43425925925925923 0.08611111111111111 0.2222222222222222
0 0.41203703703703703 0.275 0.08796296296296297 0.16111111111111112
0 0.5662037037037037 0.15 0.06666666666666667 0.11666666666666667
0 0.6638888888888889 0.14907407407407408 0.06527777777777778 0.07777777777777778
0 0.6171296296296296 0.1439814814814815 0.05138888888888889 0.049074074074074076
0 0.2361111111111111 0.5203703703703704 0.0875 0.10555555555555556
0 0.1388888888888889 0.5694444444444444 0.1574074074074074 0.13518518518518519
0 0.10324074074074074 0.7018518518518518 0.08472222222222223 0.2074074074074074