0 0.7763888888888889 0.17546296296296296 0.04537037037037037 0.11018518518518519
0 0.6037037037037037 0.1486111111111111 0.07546296296296297 0.0712962962962963
0 0.7759259259259259 0.4828703703703704 0.07314814814814814 0.20833333333333334
0 0.6962962962962963 0.4601851851851852 0.11712962962962963 0.23148148148148148
0 0.6282407407407408 0.4115740740740741 0.0962962962962963 0.24722222222222223
0 0.362962962962963 0.39166666666666666 0.1 0.1574074074074074
0 0.2800925925925926 0.45416666666666666 0.1574074074074074 0.30462962962962964
0 0.20555555555555555 0.5995370370370371 0.14305555555555555 0.24537037037037038
0 0.0962962962962963 0.7212962962962963 0.08287037037037037 0.22592592592592592
0 0.7060185185185185 0.7722222222222223 0.14722222222222223 0.3314814814814815
0 0.6231481481481481 0.7925925925925926 0.3314814814814815 0.2796296296296296
0 0.09953703703703703 0.5888888888888889 0.10648148148148148 0.1425925925925926
0 0.25925925925925924 0.9194444444444444 0.1037037037037037 0.15925925925925927
0 0.6708333333333333 0.9166666666666666 0.1175925925925926 0.1648148148148148