0 0.5875 0.12578125 0.04296875 0.1203125
0 0.70859375 0.14921875 0.08046875 0.10859375
0 0.34765625 0.378125 0.13828125 0.1890625
0 0.15625 0.64609375 0.19140625 0.26796875
0 0.15703125 0.7125 0.1640625 0.2953125
0 0.56953125 0.52421875 0.21875 0.1484375
0 0.38359375 0.890625 0.18984375 0.21796875
0 0.63359375 0.83046875 0.19140625 0.33671875
0 0.7515625 0.68359375 0.11953125 0.315625
0 0.64765625 0.62578125 0.20390625 0.19921875
0 0.80390625 0.25859375 0.06171875 0.1015625
0 0.77890625 0.31875 0.10078125 0.06640625
0 0.7953125 0.40546875 0.0703125 0.17890625
0 0.71796875 0.384375 0.09375 0.125
0 0.6796875 0.4640625 0.1953125 0.134375