0 0.6819444444444445 0.49583333333333335 0.1388888888888889 0.2675925925925926
0 0.4634259259259259 0.2601851851851852 0.14212962962962963 0.1648148148148148
0 0.40324074074074073 0.12129629629629629 0.10185185185185185 0.0962962962962963
0 0.20694444444444443 0.4115740740740741 0.05092592592592592 0.1935185185185185
0 0.26157407407407407 0.39305555555555555 0.06296296296296296 0.16574074074074074
0 0.2884259259259259 0.4703703703703704 0.15185185185185185 0.23148148148148148
0 0.2949074074074074 0.5726851851851852 0.1648148148148148 0.35648148148148145
0 0.48564814814814816 0.5666666666666667 0.18287037037037038 0.32222222222222224
0 0.4425925925925926 0.5222222222222223 0.18194444444444444 0.1574074074074074
0 0.3921296296296296 0.7768518518518519 0.35138888888888886 0.25925925925925924
0 0.6055555555555555 0.9449074074074074 0.274537037037037 0.10833333333333334
0 0.7805555555555556 0.6189814814814815 0.17083333333333334 0.19907407407407407
0 0.8689814814814815 0.6430555555555556 0.1412037037037037 0.2601851851851852
0 0.8949074074074074 0.7643518518518518 0.05740740740740741 0.16018518518518518