0 0.71328125 0.81328125 0.15625 0.36875
0 0.5984375 0.78515625 0.36796875 0.26640625
0 0.2734375 0.82890625 0.15859375 0.340625
0 0.3140625 0.4390625 0.08359375 0.209375
0 0.17265625 0.7015625 0.16640625 0.3265625
0 0.1328125 0.66796875 0.13359375 0.29140625
0 0.10625 0.5890625 0.16171875 0.22421875
0 0.6015625 0.12265625 0.0296875 0.08828125
0 0.6515625 0.15859375 0.09296875 0.04453125
0 0.7203125 0.18828125 0.09765625 0.059375
0 0.7828125 0.47890625 0.06484375 0.190625
0 0.74296875 0.42890625 0.0515625 0.11953125
0 0.68671875 0.38984375 0.08046875 0.1015625
0 0.69140625 0.54296875 0.23359375 0.24921875