0 0.3890625 0.71640625 0.31484375 0.3765625
0 0.21171875 0.68828125 0.12265625 0.20859375
0 0.125 0.65546875 0.14453125 0.24609375
0 0.665625 0.74453125 0.16640625 0.43984375
0 0.55625 0.3484375 0.1078125 0.16171875
0 0.76875 0.4578125 0.10078125 0.203125
0 0.546875 0.159375 0.05390625 0.13359375
0 0.6171875 0.125 0.08984375 0.09296875
0 0.678125 0.1703125 0.08046875 0.04609375
0 0.7421875 0.175 0.0703125 0.09609375
0 0.78046875 0.1484375 0.05625 0.05859375
0 0.80390625 0.21171875 0.06015625 0.1265625
0 0.7765625 0.340625 0.08984375 0.11875