0 0.428125 0.846875 0.10234375 0.30390625
0 0.2796875 0.92890625 0.21171875 0.13984375
0 0.596875 0.821875 0.11328125 0.35390625
0 0.52265625 0.6359375 0.09765625 0.32578125
0 0.7109375 0.815625 0.15078125 0.36796875
0 0.778125 0.478125 0.075 0.203125
0 0.690625 0.4609375 0.12109375 0.2296875
0 0.6046875 0.1453125 0.07265625 0.0609375
0 0.79375 0.18046875 0.0890625 0.115625
0 0.39921875 0.36328125 0.09453125 0.2859375
0 0.334375 0.39140625 0.14921875 0.17109375
0 0.175 0.634375 0.15390625 0.18671875
0 0.20546875 0.52578125 0.13125 0.134375
0 0.09296875 0.75078125 0.09921875 0.23515625
0 0.1 0.584375 0.10234375 0.14140625