0 0.38333333333333336 0.85 0.2675925925925926 0.29814814814814816
0 0.14537037037037037 0.7078703703703704 0.17037037037037037 0.2564814814814815
0 0.12546296296296297 0.6513888888888889 0.14537037037037037 0.25462962962962965
0 0.2796296296296296 0.4810185185185185 0.08287037037037037 0.23981481481481481
0 0.5546296296296296 0.7157407407407408 0.21805555555555556 0.32222222222222224
0 0.6763888888888889 0.5648148148148148 0.2 0.37592592592592594
0 0.5393518518518519 0.3527777777777778 0.11805555555555555 0.24444444444444444
0 0.5064814814814815 0.22870370370370371 0.12824074074074074 0.1388888888888889
0 0.6050925925925926 0.15138888888888888 0.08472222222222223 0.062037037037037036
0 0.7453703703703703 0.18425925925925926 0.07453703703703704 0.1
0 0.8092592592592592 0.25324074074074077 0.04537037037037037 0.16203703703703703
0 0.7578703703703704 0.28379629629629627 0.13703703703703704 0.1675925925925926
0 0.7342592592592593 0.4 0.15138888888888888 0.1537037037037037