0 0.7537037037037037 0.9208333333333333 0.10416666666666667 0.15648148148148147
0 0.4685185185185185 0.6111111111111112 0.23796296296296296 0.25925925925925924
0 0.26990740740740743 0.6527777777777778 0.09351851851851851 0.40925925925925927
0 0.21574074074074073 0.4847222222222222 0.05740740740740741 0.20092592592592592
0 0.32407407407407407 0.43657407407407406 0.12037037037037036 0.21203703703703702
0 0.6847222222222222 0.4074074074074074 0.1550925925925926 0.21481481481481482
0 0.5796296296296296 0.3763888888888889 0.16574074074074074 0.13055555555555556
0 0.6185185185185185 0.30277777777777776 0.14444444444444443 0.13333333333333333
0 0.8277777777777777 0.6833333333333333 0.19027777777777777 0.17777777777777778
0 0.8634259259259259 0.6518518518518519 0.15555555555555556 0.2814814814814815
0 0.48842592592592593 0.19583333333333333 0.05092592592592592 0.16203703703703703
0 0.3972222222222222 0.13657407407407407 0.09814814814814815 0.09722222222222222
0 0.33425925925925926 0.15694444444444444 0.04212962962962963 0.06018518518518518
0 0.300462962962963 0.17083333333333334 0.07407407407407407 0.07314814814814814
0 0.21574074074074073 0.2101851851851852 0.0962962962962963 0.07407407407407407