0 0.7078125 0.91171875 0.1453125 0.175
0 0.3203125 0.88203125 0.14375 0.23359375
0 0.2828125 0.678125 0.15703125 0.284375
0 0.33359375 0.55703125 0.10703125 0.28828125
0 0.8609375 0.66796875 0.18828125 0.25859375
0 0.51484375 0.3390625 0.1609375 0.13046875
0 0.609375 0.3 0.0859375 0.19453125
0 0.375 0.2359375 0.084375 0.16796875
0 0.353125 0.13984375 0.0921875 0.08515625
0 0.296875 0.165625 0.05625 0.07109375
0 0.22734375 0.25703125 0.11171875 0.1734375
0 0.215625 0.2109375 0.1015625 0.12578125
0 0.26953125 0.371875 0.18125 0.1703125
0 0.2234375 0.49375 0.07109375 0.13359375