0 0.4875 0.9120370370370371 0.21157407407407408 0.17407407407407408
0 0.2902777777777778 0.8115740740740741 0.15185185185185185 0.375
0 0.6615740740740741 0.8328703703703704 0.26805555555555555 0.33240740740740743
0 0.4097222222222222 0.44814814814814813 0.16620370370370371 0.3277777777777778
0 0.4046296296296296 0.31712962962962965 0.09814814814814815 0.16203703703703703
0 0.47314814814814815 0.1638888888888889 0.06296296296296296 0.13703703703703704
0 0.3347222222222222 0.14722222222222223 0.09444444444444444 0.0962962962962963
0 0.22083333333333333 0.4861111111111111 0.075 0.21481481481481482
0 0.27685185185185185 0.46574074074074073 0.0912037037037037 0.2074074074074074
0 0.31666666666666665 0.43425925925925923 0.08009259259259259 0.19074074074074074
0 0.7578703703703704 0.5930555555555556 0.18333333333333332 0.25833333333333336
0 0.6601851851851852 0.3939814814814815 0.15324074074074073 0.16574074074074074
0 0.8851851851851852 0.6685185185185185 0.12175925925925926 0.2740740740740741
0 0.8902777777777777 0.6625 0.06620370370370371 0.18425925925925926