0 0.68125 0.540625 0.22421875 0.2546875
0 0.8515625 0.67890625 0.178125 0.28203125
0 0.37734375 0.49375 0.11171875 0.2609375
0 0.48203125 0.44296875 0.16015625 0.1734375
0 0.4640625 0.3390625 0.11640625 0.10625
0 0.596875 0.38203125 0.0703125 0.13984375
0 0.709375 0.36171875 0.12578125 0.24140625
0 0.22109375 0.46015625 0.07734375 0.20703125
0 0.22734375 0.328125 0.1 0.084375
0 0.21015625 0.19921875 0.1015625 0.1359375
0 0.32109375 0.1703125 0.08359375 0.059375
0 0.3609375 0.12109375 0.0515625 0.0859375
0 0.409375 0.12890625 0.04765625 0.09140625