0 0.47890625 0.36171875 0.14921875 0.2140625
0 0.6890625 0.75 0.17421875 0.4984375
0 0.84296875 0.64375 0.18984375 0.25703125
0 0.83359375 0.69921875 0.18203125 0.26796875
0 0.36484375 0.83046875 0.20859375 0.33828125
0 0.36640625 0.62109375 0.203125 0.19453125
0 0.25859375 0.684375 0.121875 0.325
0 0.28125 0.39296875 0.08984375 0.1296875
0 0.3921875 0.12421875 0.10078125 0.09140625
0 0.4328125 0.528125 0.2203125 0.1765625
0 0.31484375 0.47265625 0.19453125 0.1546875
0 0.21015625 0.3984375 0.059375 0.17421875
0 0.20625 0.25703125 0.06796875 0.078125
0 0.22265625 0.31328125 0.09921875 0.0609375