0 0.6189814814814815 0.8027777777777778 0.1986111111111111 0.3925925925925926
0 0.38472222222222224 0.8291666666666667 0.23981481481481481 0.3398148148148148
0 0.7546296296296297 0.5611111111111111 0.10462962962962963 0.3537037037037037
0 0.8699074074074075 0.6810185185185185 0.1625 0.23981481481481481
0 0.8939814814814815 0.6 0.1361111111111111 0.25555555555555554
0 0.29583333333333334 0.5518518518518518 0.23333333333333334 0.2574074074074074
0 0.35648148148148145 0.32222222222222224 0.10787037037037037 0.1814814814814815
0 0.3912037037037037 0.13055555555555556 0.08611111111111111 0.08518518518518518
0 0.30648148148148147 0.1712962962962963 0.08888888888888889 0.05740740740740741
0 0.2101851851851852 0.2 0.08796296296296297 0.09074074074074075
0 0.23194444444444445 0.4300925925925926 0.10138888888888889 0.1527777777777778
0 0.387037037037037 0.7074074074074074 0.2657407407407407 0.23703703703703705
0 0.2875 0.39444444444444443 0.0875 0.15
0 0.31527777777777777 0.36574074074074076 0.09212962962962963 0.12777777777777777