0 0.7097222222222223 0.15138888888888888 0.09305555555555556 0.11018518518518519
0 0.5699074074074074 0.14351851851851852 0.038425925925925926 0.12037037037037036
0 0.5342592592592592 0.16296296296296298 0.040740740740740744 0.14444444444444443
0 0.4217592592592593 0.300462962962963 0.0837962962962963 0.175
0 0.3990740740740741 0.462037037037037 0.20833333333333334 0.19444444444444445
0 0.3282407407407407 0.6712962962962963 0.18888888888888888 0.35
0 0.6717592592592593 0.7736111111111111 0.2212962962962963 0.45092592592592595
0 0.6800925925925926 0.6259259259259259 0.2449074074074074 0.3296296296296296
0 0.15648148148148147 0.649074074074074 0.19212962962962962 0.2518518518518518
0 0.16666666666666666 0.7129629629629629 0.1814814814814815 0.28703703703703703
0 0.7925925925925926 0.4212962962962963 0.05694444444444444 0.2037037037037037
0 0.736574074074074 0.39305555555555555 0.07453703703703704 0.16203703703703703
0 0.700462962962963 0.4351851851851852 0.1337962962962963 0.1388888888888889
0 0.5671296296296297 0.5449074074074074 0.1875 0.19166666666666668