0 0.662962962962963 0.9120370370370371 0.2722222222222222 0.17407407407407408
0 0.6777777777777778 0.6407407407407407 0.16111111111111112 0.37037037037037035
0 0.774537037037037 0.587037037037037 0.11018518518518519 0.2037037037037037
0 0.8527777777777777 0.5430555555555555 0.11527777777777778 0.12314814814814815
0 0.8921296296296296 0.6907407407407408 0.11990740740740741 0.19444444444444445
0 0.36898148148148147 0.6824074074074075 0.28194444444444444 0.3148148148148148
0 0.29074074074074074 0.8069444444444445 0.16574074074074074 0.38425925925925924
0 0.43796296296296294 0.4810185185185185 0.22407407407407406 0.24166666666666667
0 0.31805555555555554 0.4287037037037037 0.08472222222222223 0.17777777777777778
0 0.2875 0.4634259259259259 0.11018518518518519 0.19537037037037036
0 0.2222222222222222 0.48194444444444445 0.07314814814814814 0.2064814814814815
0 0.4203703703703704 0.17731481481481481 0.06944444444444445 0.14722222222222223
0 0.35324074074074074 0.1537037037037037 0.09259259259259259 0.06296296296296296
0 0.2791666666666667 0.1875 0.09583333333333334 0.06944444444444445