0 0.4265625 0.90390625 0.1671875 0.18984375
0 0.48359375 0.796875 0.28671875 0.28828125
0 0.171875 0.58671875 0.0828125 0.15390625
0 0.11875 0.56875 0.17578125 0.23828125
0 0.3734375 0.34765625 0.0671875 0.20859375
0 0.6578125 0.621875 0.2796875 0.33125
0 0.6296875 0.43125 0.15703125 0.21953125
0 0.69140625 0.4140625 0.16015625 0.18515625
0 0.74375 0.36953125 0.14453125 0.2703125
0 0.76015625 0.2953125 0.14140625 0.18671875
0 0.59375 0.30078125 0.125 0.190625
0 0.55625 0.20859375 0.071875 0.16171875
0 0.54375 0.13984375 0.03984375 0.09609375
0 0.609375 0.1484375 0.08046875 0.05625
0 0.2421875 0.92578125 0.10078125 0.146875