0 0.45092592592592595 0.1527777777777778 0.05 0.13148148148148148
0 0.3814814814814815 0.11944444444444445 0.026851851851851852 0.10555555555555556
0 0.3282407407407407 0.17407407407407408 0.0962962962962963 0.05740740740740741
0 0.2050925925925926 0.26064814814814813 0.06712962962962964 0.08796296296296297
0 0.22916666666666666 0.3226851851851852 0.11574074074074074 0.08055555555555556
0 0.20787037037037037 0.4060185185185185 0.05787037037037037 0.1712962962962963
0 0.2662037037037037 0.39166666666666666 0.06759259259259259 0.1425925925925926
0 0.27685185185185185 0.47175925925925927 0.16666666666666666 0.22870370370370371
0 0.4287037037037037 0.5300925925925926 0.21944444444444444 0.1712962962962963
0 0.36064814814814816 0.625 0.21388888888888888 0.2
0 0.2652777777777778 0.7060185185185185 0.11944444444444445 0.30092592592592593
0 0.3680555555555556 0.8162037037037037 0.19907407407407407 0.36574074074074076
0 0.8425925925925926 0.6458333333333334 0.1912037037037037 0.25092592592592594
0 0.8319444444444445 0.6925925925925925 0.1824074074074074 0.28888888888888886