0 0.7421875 0.49609375 0.0875 0.271875
0 0.41875 0.14921875 0.0484375 0.125
0 0.46640625 0.15859375 0.04453125 0.14375
0 0.21171875 0.415625 0.06328125 0.190625
0 0.2703125 0.3984375 0.07734375 0.1640625
0 0.26640625 0.53984375 0.125 0.3203125
0 0.43125 0.54453125 0.22421875 0.14921875
0 0.66640625 0.746875 0.22265625 0.41875
0 0.390625 0.79609375 0.3359375 0.33671875
0 0.34765625 0.653125 0.265625 0.26171875
0 0.56796875 0.84921875 0.13203125 0.29921875
0 0.84765625 0.64296875 0.18671875 0.27421875
0 0.828125 0.7046875 0.1765625 0.28671875
0 0.3140625 0.41640625 0.1078125 0.11171875