0 0.684375 0.896875 0.13046875 0.20390625
0 0.8203125 0.68125 0.15859375 0.1953125
0 0.884375 0.6484375 0.1390625 0.23671875
0 0.6171875 0.584375 0.11953125 0.3296875
0 0.665625 0.38046875 0.153125 0.228125
0 0.47578125 0.21953125 0.07265625 0.175
0 0.415625 0.52890625 0.25859375 0.28671875
0 0.33515625 0.8171875 0.14921875 0.3640625
0 0.259375 0.690625 0.10390625 0.325
0 0.2984375 0.5765625 0.15078125 0.26484375
0 0.21171875 0.46796875 0.05625 0.19453125
0 0.21015625 0.20078125 0.08125 0.0859375
0 0.30390625 0.17734375 0.1015625 0.06796875
0 0.26953125 0.428125 0.08046875 0.128125