0 0.5125 0.91171875 0.21171875 0.17421875
0 0.71015625 0.81171875 0.15234375 0.375
0 0.33828125 0.8328125 0.26796875 0.33203125
0 0.590625 0.4484375 0.16640625 0.328125
0 0.5953125 0.3171875 0.09765625 0.16171875
0 0.5265625 0.1640625 0.06328125 0.13671875
0 0.665625 0.146875 0.09453125 0.09609375
0 0.77890625 0.4859375 0.075 0.21484375
0 0.7234375 0.465625 0.09140625 0.20703125
0 0.68359375 0.434375 0.08046875 0.190625
0 0.2421875 0.59296875 0.18359375 0.25859375
0 0.33984375 0.39375 0.153125 0.165625
0 0.11484375 0.66875 0.121875 0.27421875
0 0.109375 0.6625 0.06640625 0.184375