0 0.7412037037037037 0.9310185185185185 0.10925925925925926 0.1361111111111111
0 0.3111111111111111 0.8972222222222223 0.12962962962962962 0.2037037037037037
0 0.26342592592592595 0.6939814814814815 0.1175925925925926 0.30092592592592593
0 0.28703703703703703 0.5120370370370371 0.08333333333333333 0.2574074074074074
0 0.2162037037037037 0.4671296296296296 0.06574074074074074 0.18611111111111112
0 0.33796296296296297 0.25416666666666665 0.13287037037037036 0.13796296296296295
0 0.4115740740740741 0.37083333333333335 0.1625 0.24166666666666667
0 0.8569444444444444 0.6351851851851852 0.1648148148148148 0.25925925925925924
0 0.6194444444444445 0.3416666666666667 0.07824074074074074 0.19074074074074074
0 0.5314814814814814 0.33425925925925926 0.12407407407407407 0.20555555555555555
0 0.8560185185185185 0.6976851851851852 0.12777777777777777 0.21944444444444444
0 0.44814814814814813 0.15046296296296297 0.04351851851851852 0.11388888888888889
0 0.3925925925925926 0.12453703703703704 0.07314814814814814 0.09166666666666666
0 0.2671296296296296 0.18981481481481483 0.09953703703703703 0.06296296296296296