0 0.3148148148148148 0.9111111111111111 0.2050925925925926 0.17592592592592593
0 0.1685185185185185 0.7078703703703704 0.22453703703703703 0.22685185185185186
0 0.14722222222222223 0.5967592592592592 0.14722222222222223 0.18611111111111112
0 0.687962962962963 0.8939814814814815 0.1259259259259259 0.2101851851851852
0 0.7212962962962963 0.687962962962963 0.14907407407407408 0.29444444444444445
0 0.774537037037037 0.45694444444444443 0.0712962962962963 0.2064814814814815
0 0.7032407407407407 0.5287037037037037 0.1 0.26851851851851855
0 0.5444444444444444 0.5037037037037037 0.21574074074074073 0.2074074074074074
0 0.425462962962963 0.3416666666666667 0.044444444444444446 0.09814814814814815
0 0.2875 0.40046296296296297 0.15092592592592594 0.22685185185185186
0 0.6481481481481481 0.1699074074074074 0.04351851851851852 0.08981481481481482
0 0.6324074074074074 0.30462962962962964 0.1587962962962963 0.18518518518518517
0 0.4962962962962963 0.3013888888888889 0.12962962962962962 0.14722222222222223
0 0.7356481481481482 0.1912037037037037 0.09861111111111111 0.06574074074074074