0 0.6859375 0.89140625 0.13046875 0.21484375
0 0.2734375 0.91875 0.11484375 0.1609375
0 0.13046875 0.6609375 0.14296875 0.33359375
0 0.428125 0.6109375 0.13203125 0.434375
0 0.4875 0.4171875 0.15546875 0.23046875
0 0.47265625 0.31953125 0.14453125 0.13828125
0 0.43671875 0.246875 0.109375 0.16796875
0 0.65234375 0.21875 0.1046875 0.13828125
0 0.78984375 0.184375 0.04140625 0.12421875
0 0.7375 0.190625 0.08671875 0.06328125
0 0.78359375 0.46875 0.0609375 0.18515625
0 0.703125 0.52890625 0.11796875 0.26953125
0 0.71953125 0.68671875 0.14921875 0.2953125