0 0.7134259259259259 0.675 0.17314814814814813 0.37592592592592594
0 0.8703703703703703 0.6662037037037037 0.15694444444444444 0.26944444444444443
0 0.22685185185185186 0.4638888888888889 0.0912037037037037 0.21296296296296297
0 0.34444444444444444 0.33564814814814814 0.10185185185185185 0.18981481481481483
0 0.46574074074074073 0.33425925925925926 0.11712962962962963 0.10185185185185185
0 0.5888888888888889 0.41574074074074074 0.10138888888888889 0.20925925925925926
0 0.5986111111111111 0.3037037037037037 0.1375 0.17777777777777778
0 0.4546296296296296 0.43472222222222223 0.1912037037037037 0.16574074074074074
0 0.22546296296296298 0.3365740740740741 0.09907407407407408 0.10462962962962963
0 0.2712962962962963 0.1597222222222222 0.04027777777777778 0.12314814814814815
0 0.32314814814814813 0.1638888888888889 0.0912037037037037 0.07037037037037037
0 0.37962962962962965 0.11018518518518519 0.05694444444444444 0.06851851851851852
0 0.41203703703703703 0.14166666666666666 0.08796296296296297 0.11666666666666667
0 0.20879629629629629 0.20787037037037037 0.09212962962962963 0.06574074074074074