0 0.5347222222222222 0.20601851851851852 0.08611111111111111 0.1712962962962963
0 0.6518518518518519 0.17222222222222222 0.10648148148148148 0.07592592592592592
0 0.15462962962962962 0.6550925925925926 0.1875 0.262037037037037
0 0.1699074074074074 0.7087962962962963 0.18333333333333332 0.28055555555555556
0 0.3888888888888889 0.5824074074074074 0.24861111111111112 0.2388888888888889
0 0.7694444444444445 0.28425925925925927 0.07453703703703704 0.1111111111111111
0 0.7944444444444444 0.40555555555555556 0.05416666666666667 0.1814814814814815
0 0.7337962962962963 0.39444444444444443 0.06388888888888888 0.15925925925925927
0 0.7032407407407407 0.4222222222222222 0.1259259259259259 0.12407407407407407
0 0.5518518518518518 0.5208333333333334 0.15462962962962962 0.16203703703703703
0 0.7560185185185185 0.6814814814814815 0.10555555555555556 0.29444444444444445
0 0.6546296296296297 0.7870370370370371 0.18518518518518517 0.42407407407407405
0 0.44537037037037036 0.8101851851851852 0.25277777777777777 0.37777777777777777
0 0.6787037037037037 0.5648148148148148 0.23981481481481481 0.2351851851851852