0 0.46296296296296297 0.5763888888888888 0.2101851851851852 0.3194444444444444
0 0.30694444444444446 0.6787037037037037 0.18518518518518517 0.34814814814814815
0 0.11990740740740741 0.6407407407407407 0.13194444444444445 0.3333333333333333
0 0.6939814814814815 0.8166666666666667 0.13194444444444445 0.3648148148148148
0 0.6296296296296297 0.5236111111111111 0.09351851851851851 0.39166666666666666
0 0.7759259259259259 0.48657407407407405 0.07685185185185185 0.2101851851851852
0 0.7287037037037037 0.4615740740740741 0.08703703703703704 0.17314814814814813
0 0.7597222222222222 0.19305555555555556 0.09861111111111111 0.07685185185185185
0 0.7208333333333333 0.1875 0.09583333333333334 0.06944444444444445
0 0.674537037037037 0.14722222222222223 0.07037037037037037 0.05925925925925926
0 0.6425925925925926 0.14907407407407408 0.06481481481481481 0.07407407407407407
0 0.6069444444444444 0.15046296296296297 0.08425925925925926 0.0712962962962963
0 0.5518518518518518 0.1884259259259259 0.07175925925925926 0.12314814814814815
0 0.5574074074074075 0.1712962962962963 0.09166666666666666 0.07407407407407407