0 0.2578125 0.49609375 0.0875 0.271875
0 0.58125 0.14921875 0.0484375 0.125
0 0.53359375 0.15859375 0.04453125 0.14375
0 0.78828125 0.415625 0.06328125 0.190625
0 0.7296875 0.3984375 0.07734375 0.1640625
0 0.73359375 0.53984375 0.125 0.3203125
0 0.56875 0.54453125 0.22421875 0.14921875
0 0.33359375 0.746875 0.22265625 0.41875
0 0.609375 0.79609375 0.3359375 0.33671875
0 0.65234375 0.653125 0.265625 0.26171875
0 0.43203125 0.84921875 0.13203125 0.29921875
0 0.15234375 0.64296875 0.18671875 0.27421875
0 0.171875 0.7046875 0.1765625 0.28671875
0 0.6859375 0.41640625 0.1078125 0.11171875