0 0.41203703703703703 0.1259259259259259 0.043055555555555555 0.12037037037037036
0 0.2912037037037037 0.14953703703703702 0.08055555555555556 0.10833333333333334
0 0.6523148148148148 0.37777777777777777 0.13796296296296295 0.18888888888888888
0 0.8439814814814814 0.6458333333333334 0.1912037037037037 0.2675925925925926
0 0.8430555555555556 0.7125 0.1638888888888889 0.2953703703703704
0 0.4300925925925926 0.524074074074074 0.21851851851851853 0.14814814814814814
0 0.6162037037037037 0.8902777777777777 0.19027777777777777 0.2175925925925926
0 0.36666666666666664 0.8305555555555556 0.19166666666666668 0.337037037037037
0 0.24861111111111112 0.6837962962962963 0.11944444444444445 0.31574074074074077
0 0.35185185185185186 0.625462962962963 0.20416666666666666 0.19907407407407407
0 0.19583333333333333 0.25833333333333336 0.06157407407407407 0.10185185185185185
0 0.2212962962962963 0.31851851851851853 0.10092592592592593 0.06666666666666667
0 0.2050925925925926 0.4050925925925926 0.07037037037037037 0.1787037037037037
0 0.2824074074074074 0.38472222222222224 0.09351851851851851 0.125
0 0.32037037037037036 0.46435185185185185 0.19537037037037036 0.13425925925925927