0 0.6234375 0.50625 0.20703125 0.23125
0 0.41484375 0.534375 0.22734375 0.16015625
0 0.66953125 0.3984375 0.10625 0.1765625
0 0.765625 0.58125 0.10859375 0.2390625
0 0.31015625 0.89140625 0.12890625 0.21484375
0 0.25859375 0.62578125 0.13125 0.31484375
0 0.22109375 0.2734375 0.07109375 0.14921875
0 0.378125 0.190625 0.09375 0.13828125
0 0.3890625 0.10859375 0.05703125 0.06171875
0 0.3390625 0.11875 0.05390625 0.06796875
0 0.19609375 0.21328125 0.078125 0.1265625
0 0.2625 0.17265625 0.0546875 0.146875
0 0.309375 0.14375 0.04921875 0.09140625