0 0.6842592592592592 0.8972222222222223 0.13055555555555556 0.2037037037037037
0 0.8203703703703704 0.6810185185185185 0.15833333333333333 0.19537037037037036
0 0.8842592592592593 0.6481481481481481 0.1388888888888889 0.23703703703703705
0 0.6175925925925926 0.5842592592592593 0.11944444444444445 0.3296296296296296
0 0.6657407407407407 0.38055555555555554 0.15324074074074073 0.22777777777777777
0 0.4759259259259259 0.2199074074074074 0.07222222222222222 0.175
0 0.41574074074074074 0.5287037037037037 0.25833333333333336 0.28703703703703703
0 0.3347222222222222 0.8171296296296297 0.14907407407407408 0.3638888888888889
0 0.25972222222222224 0.6902777777777778 0.1037037037037037 0.325
0 0.29814814814814816 0.5768518518518518 0.15046296296296297 0.26481481481481484
0 0.21157407407407408 0.4675925925925926 0.05648148148148148 0.19444444444444445
0 0.20972222222222223 0.20046296296296295 0.08148148148148149 0.08611111111111111
0 0.3037037037037037 0.17731481481481481 0.10138888888888889 0.06759259259259259
0 0.26944444444444443 0.42777777777777776 0.08055555555555556 0.12777777777777777