0 0.65859375 0.4140625 0.1734375 0.20859375
0 0.73671875 0.57265625 0.16171875 0.19140625
0 0.4109375 0.12109375 0.08984375 0.0984375
0 0.234375 0.30703125 0.13359375 0.0890625
0 0.20703125 0.40078125 0.05078125 0.16484375
0 0.26171875 0.3609375 0.06328125 0.15390625
0 0.2828125 0.4609375 0.1703125 0.18828125
0 0.24453125 0.63828125 0.0796875 0.2953125
0 0.43203125 0.521875 0.21953125 0.18203125
0 0.3140625 0.703125 0.1421875 0.33359375
0 0.3359375 0.87421875 0.10390625 0.24921875
0 0.646875 0.90703125 0.25078125 0.18359375
0 0.86328125 0.65234375 0.14921875 0.26953125
0 0.8984375 0.69140625 0.0640625 0.1515625