0 0.6171875 0.3890625 0.1078125 0.21953125
0 0.75234375 0.57265625 0.13359375 0.2546875
0 0.43203125 0.52265625 0.234375 0.175
0 0.25234375 0.63125 0.13203125 0.31015625
0 0.36640625 0.87421875 0.14296875 0.25
0 0.21875 0.3265625 0.05625 0.22421875
0 0.28359375 0.290625 0.07109375 0.16171875
0 0.340625 0.17109375 0.0859375 0.12890625
0 0.45546875 0.1640625 0.05390625 0.12578125
0 0.42109375 0.14921875 0.03203125 0.103125
0 0.38203125 0.12265625 0.06171875 0.08828125
0 0.32578125 0.12890625 0.03359375 0.078125
0 0.24140625 0.16953125 0.0875 0.08671875
0 0.2828125 0.153125 0.0625 0.090625