0 0.6796296296296296 0.8134259259259259 0.1398148148148148 0.32685185185185184
0 0.3416666666666667 0.9097222222222222 0.22175925925925927 0.1787037037037037
0 0.1787037037037037 0.663425925925926 0.12453703703703704 0.3472222222222222
0 0.2337962962962963 0.49074074074074076 0.09675925925925925 0.2759259259259259
0 0.12037037037037036 0.6564814814814814 0.1087962962962963 0.3648148148148148
0 0.10046296296296296 0.625462962962963 0.10416666666666667 0.2953703703703704
0 0.7490740740740741 0.687037037037037 0.09814814814814815 0.2814814814814815
0 0.7611111111111111 0.5032407407407408 0.09861111111111111 0.13425925925925927
0 0.7444444444444445 0.4310185185185185 0.1648148148148148 0.2101851851851852
0 0.8013888888888889 0.2263888888888889 0.05925925925925926 0.1287037037037037
0 0.5449074074074074 0.17175925925925925 0.0699074074074074 0.0824074074074074
0 0.6305555555555555 0.12685185185185185 0.043055555555555555 0.0962962962962963
0 0.7 0.17175925925925925 0.10092592592592593 0.05648148148148148
0 0.7824074074074074 0.1925925925925926 0.05740740740740741 0.053703703703703705