0 0.4638888888888889 0.5208333333333334 0.09212962962962963 0.1638888888888889
0 0.3143518518518518 0.5435185185185185 0.2587962962962963 0.18888888888888888
0 0.5231481481481481 0.23657407407407408 0.11203703703703703 0.14907407407407408
0 0.2657407407407407 0.16342592592592592 0.10046296296296296 0.10092592592592593
0 0.20694444444444443 0.3925925925925926 0.05 0.15555555555555556
0 0.26157407407407407 0.38657407407407407 0.05694444444444444 0.14907407407407408
0 0.5837962962962963 0.5527777777777778 0.2074074074074074 0.22407407407407406
0 0.6916666666666667 0.8287037037037037 0.2791666666666667 0.34074074074074073
0 0.6166666666666667 0.9324074074074075 0.09259259259259259 0.13333333333333333
0 0.3902777777777778 0.7555555555555555 0.36944444444444446 0.3537037037037037
0 0.3287037037037037 0.674074074074074 0.2935185185185185 0.1648148148148148
0 0.8212962962962963 0.6509259259259259 0.22453703703703703 0.26666666666666666
0 0.8671296296296296 0.6194444444444445 0.1486111111111111 0.2518518518518518
0 0.30324074074074076 0.4222222222222222 0.1300925925925926 0.10925925925925926