0 0.6662037037037037 0.7458333333333333 0.15324074074074073 0.38981481481481484
0 0.17083333333333334 0.5958333333333333 0.0824074074074074 0.175
0 0.12222222222222222 0.625 0.14953703703703702 0.3074074074074074
0 0.7152777777777778 0.5013888888888889 0.08148148148148149 0.33425925925925926
0 0.44212962962962965 0.31157407407407406 0.1 0.17314814814814813
0 0.4537037037037037 0.22546296296296298 0.125 0.175
0 0.5467592592592593 0.17037037037037037 0.06851851851851852 0.08518518518518518
0 0.600925925925926 0.12916666666666668 0.06527777777777778 0.0824074074074074
0 0.6532407407407408 0.13842592592592592 0.04027777777777778 0.11018518518518519
0 0.7013888888888888 0.1986111111111111 0.08425925925925926 0.1361111111111111
0 0.7055555555555556 0.1310185185185185 0.0699074074074074 0.075
0 0.7680555555555556 0.20092592592592592 0.04259259259259259 0.14074074074074075
0 0.8111111111111111 0.19768518518518519 0.05185185185185185 0.10462962962962963
0 0.3425925925925926 0.8953703703703704 0.1550925925925926 0.2074074074074074