0 0.3 0.68671875 0.1625 0.3265625
0 0.12109375 0.625 0.15234375 0.278125
0 0.69296875 0.815625 0.13046875 0.36796875
0 0.50625 0.61953125 0.26640625 0.33671875
0 0.67421875 0.50078125 0.17578125 0.36015625
0 0.5515625 0.16796875 0.07265625 0.08125
0 0.78046875 0.48671875 0.07109375 0.20546875
0 0.7390625 0.4515625 0.06484375 0.175
0 0.75390625 0.29765625 0.13125 0.1765625
0 0.75703125 0.19453125 0.09140625 0.0765625
0 0.71875 0.184375 0.09609375 0.0609375
0 0.6796875 0.14921875 0.071875 0.065625
0 0.6109375 0.13984375 0.07734375 0.071875
0 0.64453125 0.14921875 0.06171875 0.07421875