0 0.362962962962963 0.1259259259259259 0.0912037037037037 0.11296296296296296
0 0.27824074074074073 0.16111111111111112 0.0763888888888889 0.1111111111111111
0 0.2037037037037037 0.1865740740740741 0.07314814814814814 0.09351851851851851
0 0.19722222222222222 0.25462962962962965 0.05787037037037037 0.07407407407407407
0 0.2300925925925926 0.31527777777777777 0.11388888888888889 0.06388888888888888
0 0.20694444444444443 0.40324074074074073 0.058333333333333334 0.1935185185185185
0 0.27037037037037037 0.3768518518518518 0.075 0.13703703703703704
0 0.28055555555555556 0.47685185185185186 0.16157407407407406 0.21851851851851853
0 0.42777777777777776 0.5314814814814814 0.22361111111111112 0.17962962962962964
0 0.3638888888888889 0.6129629629629629 0.2162037037037037 0.18518518518518517
0 0.27037037037037037 0.6898148148148148 0.13703703703703704 0.3074074074074074
0 0.3662037037037037 0.8245370370370371 0.20185185185185187 0.3490740740740741
0 0.8416666666666667 0.6527777777777778 0.19583333333333333 0.2777777777777778
0 0.8328703703703704 0.7037037037037037 0.18009259259259258 0.27037037037037037