0 0.2916666666666667 0.8134259259259259 0.15833333333333333 0.3712962962962963
0 0.3902777777777778 0.8023148148148148 0.2833333333333333 0.36018518518518516
0 0.37546296296296294 0.4166666666666667 0.1 0.23703703703703705
0 0.3050925925925926 0.46111111111111114 0.11296296296296296 0.22592592592592592
0 0.22314814814814815 0.48194444444444445 0.07037037037037037 0.2064814814814815
0 0.19722222222222222 0.1763888888888889 0.062037037037037036 0.11944444444444445
0 0.39490740740740743 0.14675925925925926 0.0712962962962963 0.075
0 0.6648148148148149 0.40370370370370373 0.1550925925925926 0.2777777777777778
0 0.8004629629629629 0.6212962962962963 0.17037037037037037 0.2222222222222222
0 0.9055555555555556 0.7166666666666667 0.07685185185185185 0.21666666666666667
0 0.9162037037037037 0.6393518518518518 0.07962962962962963 0.23981481481481481
0 0.7375 0.9273148148148148 0.11157407407407408 0.14351851851851852
0 0.3347222222222222 0.9212962962962963 0.12129629629629629 0.15555555555555556