0 0.2777777777777778 0.3902777777777778 0.11944444444444445 0.2490740740740741
0 0.300462962962963 0.6189814814814815 0.14212962962962963 0.39351851851851855
0 0.1537037037037037 0.649074074074074 0.18703703703703703 0.26666666666666666
0 0.15694444444444444 0.7060185185185185 0.16157407407407406 0.2935185185185185
0 0.6486111111111111 0.16666666666666666 0.10648148148148148 0.07222222222222222
0 0.7962962962962963 0.24675925925925926 0.06759259259259259 0.09351851851851851
0 0.7777777777777778 0.31574074074074077 0.10694444444444444 0.09074074074074075
0 0.7925925925925926 0.40324074074074073 0.05925925925925926 0.16944444444444445
0 0.7342592592592593 0.38472222222222224 0.07037037037037037 0.14166666666666666
0 0.7129629629629629 0.45740740740740743 0.15833333333333333 0.18888888888888888
0 0.5703703703703704 0.5319444444444444 0.225 0.20462962962962963
0 0.6435185185185185 0.6023148148148149 0.22361111111111112 0.21203703703703702
0 0.7337962962962963 0.687962962962963 0.14537037037037037 0.32222222222222224
0 0.6305555555555555 0.8148148148148148 0.2064814814814815 0.3685185185185185