0 0.71796875 0.640625 0.13671875 0.36953125
0 0.759375 0.56015625 0.08203125 0.17421875
0 0.56484375 0.2609375 0.14296875 0.19375
0 0.42421875 0.1515625 0.03828125 0.12421875
0 0.23984375 0.20390625 0.11328125 0.07578125
0 0.2078125 0.3984375 0.05546875 0.16640625
0 0.2625 0.375 0.05859375 0.1203125
0 0.2796875 0.47109375 0.1640625 0.2109375
0 0.35625 0.54140625 0.1546875 0.35390625
0 0.47109375 0.56171875 0.1375 0.18828125
0 0.33984375 0.884375 0.1140625 0.2296875
0 0.56640625 0.8265625 0.14921875 0.3453125
0 0.85703125 0.7015625 0.13203125 0.28125
0 0.871875 0.640625 0.14453125 0.26953125