0 0.5212962962962963 0.36157407407407405 0.14907407407407408 0.21388888888888888
0 0.3106481481481482 0.75 0.17453703703703705 0.4981481481481482
0 0.15694444444444444 0.6435185185185185 0.19027777777777777 0.2574074074074074
0 0.16620370370370371 0.6995370370370371 0.1824074074074074 0.2675925925925926
0 0.6351851851851852 0.8300925925925926 0.20833333333333334 0.33796296296296297
0 0.6333333333333333 0.6212962962962963 0.20324074074074075 0.19444444444444445
0 0.7416666666666667 0.6847222222222222 0.12175925925925926 0.325
0 0.7189814814814814 0.3925925925925926 0.09027777777777778 0.12962962962962962
0 0.6078703703703704 0.12453703703703704 0.10046296296296296 0.09166666666666666
0 0.5675925925925925 0.5282407407407408 0.22037037037037038 0.17685185185185184
0 0.6851851851851852 0.4726851851851852 0.19490740740740742 0.15462962962962962
0 0.7902777777777777 0.39814814814814814 0.05925925925925926 0.17407407407407408
0 0.7939814814814815 0.2574074074074074 0.06805555555555555 0.07777777777777778
0 0.7777777777777778 0.31296296296296294 0.09907407407407408 0.06111111111111111