0 0.74609375 0.54609375 0.125 0.2703125
0 0.54921875 0.35234375 0.09296875 0.146875
0 0.321875 0.7671875 0.18203125 0.41015625
0 0.2703125 0.6140625 0.1484375 0.21875
0 0.14296875 0.66953125 0.13671875 0.328125
0 0.12265625 0.59375 0.14375 0.33203125
0 0.6890625 0.171875 0.0921875 0.0546875
0 0.63828125 0.13203125 0.08515625 0.0796875
0 0.60703125 0.11875 0.09375 0.08671875
0 0.71875 0.14375 0.07578125 0.0609375
0 0.77890625 0.1875 0.10390625 0.1140625
0 0.7921875 0.33359375 0.0609375 0.1
0 0.7375 0.35078125 0.07734375 0.17890625