0 0.7765625 0.17578125 0.0453125 0.11015625
0 0.60390625 0.1484375 0.07578125 0.07109375
0 0.77578125 0.4828125 0.07265625 0.20859375
0 0.69609375 0.46015625 0.1171875 0.23125
0 0.628125 0.41171875 0.09609375 0.246875
0 0.36328125 0.39140625 0.1 0.15703125
0 0.28046875 0.45390625 0.15703125 0.3046875
0 0.20546875 0.59921875 0.14296875 0.2453125
0 0.09609375 0.72109375 0.0828125 0.22578125
0 0.70625 0.771875 0.14765625 0.33125
0 0.62265625 0.79296875 0.33125 0.2796875
0 0.09921875 0.5890625 0.10625 0.14296875
0 0.259375 0.91953125 0.10390625 0.159375
0 0.67109375 0.91640625 0.11796875 0.16484375