0 0.32578125 0.909375 0.19765625 0.1796875
0 0.20703125 0.63671875 0.10234375 0.19921875
0 0.121875 0.65859375 0.125 0.259375
0 0.3046875 0.5015625 0.18984375 0.25078125
0 0.68359375 0.5453125 0.1875 0.3296875
0 0.54921875 0.353125 0.090625 0.15703125
0 0.446875 0.290625 0.14609375 0.17578125
0 0.5359375 0.1796875 0.0859375 0.13515625
0 0.61328125 0.11328125 0.07890625 0.08984375
0 0.5625 0.115625 0.02734375 0.06015625
0 0.6859375 0.14609375 0.078125 0.09609375
0 0.725 0.23828125 0.05859375 0.15390625
0 0.7515625 0.16171875 0.0421875 0.10625
0 0.803125 0.19453125 0.059375 0.09921875