0 0.43671875 0.72421875 0.1453125 0.33515625
0 0.37578125 0.34375 0.0625 0.19453125
0 0.18203125 0.59921875 0.1 0.178125
0 0.128125 0.61171875 0.17265625 0.30625
0 0.65625 0.72890625 0.1640625 0.51484375
0 0.6515625 0.50859375 0.18046875 0.31640625
0 0.56171875 0.20703125 0.05859375 0.1546875
0 0.54140625 0.1484375 0.05546875 0.09453125
0 0.6109375 0.1265625 0.06640625 0.090625
0 0.728125 0.16328125 0.04296875 0.09609375
0 0.7515625 0.3125 0.12109375 0.2140625
0 0.734375 0.3375 0.13359375 0.19921875
0 0.7109375 0.44140625 0.21171875 0.221875
0 0.2375 0.928125 0.10078125 0.14140625