0 0.53671875 0.315625 0.06328125 0.1890625
0 0.54453125 0.21796875 0.12265625 0.17578125
0 0.2375 0.30703125 0.125 0.0734375
0 0.20625 0.396875 0.0546875 0.16875
0 0.2625 0.35859375 0.06640625 0.1140625
0 0.28515625 0.44296875 0.16015625 0.171875
0 0.23203125 0.6328125 0.0984375 0.296875
0 0.4328125 0.525 0.22421875 0.18671875
0 0.32578125 0.6875 0.11953125 0.29375
0 0.3453125 0.88671875 0.09609375 0.225
0 0.63828125 0.896875 0.24140625 0.2046875
0 0.7390625 0.59453125 0.17890625 0.25546875
0 0.8578125 0.6515625 0.13515625 0.26796875
0 0.90625 0.7203125 0.07734375 0.209375