0 0.278125 0.92265625 0.15390625 0.153125
0 0.5203125 0.66640625 0.1375 0.46484375
0 0.69375 0.81640625 0.1296875 0.36484375
0 0.45390625 0.265625 0.1328125 0.15625
0 0.71953125 0.18203125 0.1015625 0.059375
0 0.64140625 0.1578125 0.08359375 0.05859375
0 0.5390625 0.4609375 0.22265625 0.2359375
0 0.7796875 0.48359375 0.0703125 0.2
0 0.72734375 0.46171875 0.08359375 0.2
0 0.67734375 0.4328125 0.09140625 0.18984375
0 0.2265625 0.63046875 0.11640625 0.36171875
0 0.128125 0.6390625 0.17421875 0.2609375
0 0.11328125 0.6359375 0.11640625 0.309375
0 0.4875 0.90546875 0.10703125 0.18828125