0 0.35546875 0.4390625 0.16640625 0.225
0 0.5796875 0.334375 0.13984375 0.23125
0 0.6609375 0.22421875 0.13515625 0.15390625
0 0.76953125 0.23359375 0.09765625 0.16953125
0 0.79453125 0.4015625 0.05078125 0.16796875
0 0.73671875 0.37578125 0.06171875 0.1109375
0 0.7203125 0.4515625 0.17109375 0.171875
0 0.7578125 0.63203125 0.08828125 0.246875
0 0.5765625 0.5484375 0.221875 0.1984375
0 0.646875 0.72734375 0.2421875 0.2953125
0 0.3515625 0.8984375 0.26953125 0.2015625
0 0.24765625 0.59453125 0.11171875 0.2390625
0 0.13203125 0.66328125 0.09375 0.30625
0 0.08125 0.715625 0.04609375 0.13515625