0 0.5890625 0.31640625 0.1125 0.175
0 0.4296875 0.140625 0.03828125 0.128125
0 0.4625 0.15546875 0.04453125 0.13671875
0 0.23984375 0.1734375 0.0921875 0.1203125
0 0.209375 0.40859375 0.05546875 0.178125
0 0.26484375 0.38671875 0.06796875 0.14921875
0 0.30703125 0.41640625 0.121875 0.10625
0 0.309375 0.58671875 0.25078125 0.271875
0 0.4359375 0.51171875 0.18671875 0.16484375
0 0.54453125 0.82578125 0.31015625 0.28671875
0 0.659375 0.68203125 0.16796875 0.3765625
0 0.83984375 0.63515625 0.22265625 0.209375
0 0.85234375 0.58984375 0.11953125 0.14609375