0 0.3703125 0.72109375 0.27421875 0.26484375
0 0.890625 0.62265625 0.1234375 0.35625
0 0.85390625 0.60703125 0.06953125 0.14453125
0 0.75625 0.91328125 0.0953125 0.171875
0 0.39140625 0.49296875 0.19609375 0.2546875
0 0.25703125 0.50859375 0.11484375 0.34921875
0 0.21171875 0.48125 0.05546875 0.19296875
0 0.50703125 0.21875 0.09453125 0.16953125
0 0.440625 0.16953125 0.078125 0.075
0 0.253125 0.16484375 0.0609375 0.1
0 0.21875 0.29140625 0.06171875 0.203125
0 0.38984375 0.1484375 0.07890625 0.0515625
0 0.35234375 0.15625 0.06171875 0.0640625
0 0.328125 0.159375 0.07265625 0.06796875