0 0.60078125 0.3609375 0.08515625 0.20078125
0 0.41015625 0.13046875 0.071875 0.09609375
0 0.39296875 0.1546875 0.08671875 0.040625
0 0.315625 0.1984375 0.06796875 0.13125
0 0.209375 0.20546875 0.08984375 0.06171875
0 0.24375 0.28828125 0.14296875 0.078125
0 0.215625 0.403125 0.06953125 0.16875
0 0.43515625 0.521875 0.22578125 0.17578125
0 0.265625 0.6265625 0.10546875 0.30703125
0 0.30546875 0.884375 0.1359375 0.2296875
0 0.64921875 0.90625 0.25078125 0.1859375
0 0.753125 0.59140625 0.12265625 0.2484375
0 0.87109375 0.60859375 0.06328125 0.159375