0 0.375 0.9277777777777778 0.12407407407407407 0.1425925925925926
0 0.6375 0.9185185185185185 0.2814814814814815 0.16111111111111112
0 0.22361111111111112 0.4810185185185185 0.0763888888888889 0.20277777777777778
0 0.2675925925925926 0.4375 0.07592592592592592 0.23425925925925925
0 0.33055555555555555 0.4356481481481482 0.10787037037037037 0.2064814814814815
0 0.5837962962962963 0.3814814814814815 0.16805555555555557 0.1388888888888889
0 0.4828703703703704 0.20324074074074075 0.11388888888888889 0.15648148148148147
0 0.7106481481481481 0.3768518518518518 0.12361111111111112 0.26296296296296295
0 0.8935185185185185 0.7162037037037037 0.06574074074074074 0.2175925925925926
0 0.21851851851851853 0.20833333333333334 0.1 0.07407407407407407
0 0.34120370370370373 0.15416666666666667 0.06666666666666667 0.0787037037037037
0 0.29212962962962963 0.15694444444444444 0.0699074074074074 0.09166666666666666
0 0.41388888888888886 0.10231481481481482 0.05277777777777778 0.058333333333333334
0 0.4412037037037037 0.16018518518518518 0.09259259259259259 0.10740740740740741
0 0.825 0.524537037037037 0.13148148148148148 0.225