0 0.31875 0.540625 0.22421875 0.2546875
0 0.1484375 0.67890625 0.178125 0.28203125
0 0.62265625 0.49375 0.11171875 0.2609375
0 0.51796875 0.44296875 0.16015625 0.1734375
0 0.5359375 0.3390625 0.11640625 0.10625
0 0.403125 0.38203125 0.0703125 0.13984375
0 0.290625 0.36171875 0.12578125 0.24140625
0 0.77890625 0.46015625 0.07734375 0.20703125
0 0.77265625 0.328125 0.1 0.084375
0 0.78984375 0.19921875 0.1015625 0.1359375
0 0.67890625 0.1703125 0.08359375 0.059375
0 0.6390625 0.12109375 0.0515625 0.0859375
0 0.590625 0.12890625 0.04765625 0.09140625