0 0.47129629629629627 0.4162037037037037 0.18009259259259258 0.14351851851851852
0 0.24583333333333332 0.587037037037037 0.16018518518518518 0.26851851851851855
0 0.6513888888888889 0.5939814814814814 0.19074074074074074 0.32314814814814813
0 0.749537037037037 0.625462962962963 0.125 0.30462962962962964
0 0.3425925925925926 0.9018518518518519 0.22175925925925927 0.19444444444444445
0 0.5402777777777777 0.5259259259259259 0.15694444444444444 0.14629629629629629
0 0.6916666666666667 0.36203703703703705 0.17314814814814813 0.17592592592592593
0 0.5662037037037037 0.16574074074074074 0.10277777777777777 0.14444444444444443
0 0.6171296296296296 0.12824074074074074 0.06157407407407407 0.08611111111111111
0 0.7055555555555556 0.1412037037037037 0.0763888888888889 0.08981481481481482
0 0.7717592592592593 0.2013888888888889 0.09907407407407408 0.06759259259259259
0 0.7949074074074074 0.3282407407407407 0.044444444444444446 0.1935185185185185