0 0.36203703703703705 0.7078703703703704 0.27685185185185185 0.32685185185185184
0 0.5277777777777778 0.5166666666666667 0.12222222222222222 0.3685185185185185
0 0.7981481481481482 0.5615740740740741 0.1638888888888889 0.2064814814814815
0 0.8953703703703704 0.6990740740740741 0.07824074074074074 0.21296296296296297
0 0.5912037037037037 0.3685185185185185 0.13472222222222222 0.15185185185185185
0 0.674074074074074 0.399537037037037 0.13240740740740742 0.1675925925925926
0 0.41203703703703703 0.28379629629629627 0.12361111111111112 0.15648148148148147
0 0.4337962962962963 0.14444444444444443 0.03611111111111111 0.10925925925925926
0 0.38842592592592595 0.1476851851851852 0.06018518518518518 0.062037037037037036
0 0.2828703703703704 0.17453703703703705 0.049074074074074076 0.11574074074074074
0 0.22083333333333333 0.2101851851851852 0.10324074074074074 0.07222222222222222
0 0.22962962962962963 0.4847222222222222 0.08796296296296297 0.20833333333333334
0 0.2912037037037037 0.38333333333333336 0.05925925925925926 0.10925925925925926
0 0.7375 0.9226851851851852 0.1125 0.1527777777777778
0 0.32685185185185184 0.49166666666666664 0.17777777777777778 0.3148148148148148