0 0.71953125 0.52265625 0.18828125 0.2953125
0 0.478125 0.51171875 0.18203125 0.3015625
0 0.2515625 0.44453125 0.1515625 0.240625
0 0.1453125 0.5640625 0.08515625 0.1609375
0 0.09921875 0.7296875 0.0765625 0.1703125
0 0.46328125 0.41953125 0.18984375 0.18359375
0 0.5625 0.29375 0.14453125 0.10703125
0 0.78828125 0.45390625 0.05703125 0.16484375
0 0.63359375 0.19296875 0.115625 0.13515625
0 0.54140625 0.18359375 0.0953125 0.14296875
0 0.6671875 0.14296875 0.08125 0.10625
0 0.2734375 0.9234375 0.13359375 0.15078125
0 0.51015625 0.378125 0.13671875 0.140625