0 0.571875 0.7625 0.2578125 0.4234375
0 0.32421875 0.90859375 0.22421875 0.18046875
0 0.23984375 0.50234375 0.08515625 0.2640625
0 0.13828125 0.65625 0.16328125 0.2734375
0 0.48671875 0.35625 0.15625 0.11328125
0 0.434375 0.2625 0.0984375 0.17890625
0 0.553125 0.28125 0.08828125 0.1890625
0 0.7 0.48828125 0.19296875 0.2546875
0 0.73359375 0.70546875 0.12265625 0.3046875
0 0.7859375 0.1875 0.046875 0.10859375
0 0.70390625 0.165625 0.065625 0.07421875
0 0.65 0.15234375 0.08359375 0.0734375
0 0.659375 0.3171875 0.1296875 0.1046875
0 0.68828125 0.37890625 0.203125 0.18515625
0 0.7640625 0.43984375 0.08828125 0.25703125