0 0.52890625 0.41640625 0.18046875 0.14375
0 0.75390625 0.58671875 0.16015625 0.26875
0 0.3484375 0.59375 0.190625 0.3234375
0 0.25078125 0.62578125 0.125 0.3046875
0 0.65703125 0.9015625 0.221875 0.19453125
0 0.459375 0.52578125 0.15703125 0.14609375
0 0.30859375 0.36171875 0.17265625 0.17578125
0 0.43359375 0.165625 0.10234375 0.14453125
0 0.3828125 0.128125 0.06171875 0.0859375
0 0.29453125 0.14140625 0.0765625 0.08984375
0 0.228125 0.2015625 0.09921875 0.06796875
0 0.2046875 0.328125 0.04453125 0.19375