0 0.42777777777777776 0.7625 0.25787037037037036 0.42314814814814816
0 0.6754629629629629 0.9087962962962963 0.22407407407407406 0.18055555555555555
0 0.7597222222222222 0.5023148148148148 0.08518518518518518 0.2638888888888889
0 0.861574074074074 0.6560185185185186 0.16342592592592592 0.27314814814814814
0 0.513425925925926 0.35648148148148145 0.15648148148148147 0.11296296296296296
0 0.5657407407407408 0.2625 0.09861111111111111 0.1787037037037037
0 0.44675925925925924 0.2814814814814815 0.08842592592592592 0.18888888888888888
0 0.3 0.48842592592592593 0.1925925925925926 0.25462962962962965
0 0.2662037037037037 0.7050925925925926 0.12314814814814815 0.30462962962962964
0 0.21388888888888888 0.1875 0.04675925925925926 0.10833333333333334
0 0.2962962962962963 0.16574074074074074 0.06574074074074074 0.07407407407407407
0 0.350462962962963 0.15231481481481482 0.0837962962962963 0.07314814814814814
0 0.3402777777777778 0.31712962962962965 0.12962962962962962 0.10462962962962963
0 0.31203703703703706 0.3787037037037037 0.20324074074074075 0.18518518518518517
0 0.2361111111111111 0.4398148148148148 0.08842592592592592 0.2574074074074074