0 0.48194444444444445 0.4587962962962963 0.1625 0.20277777777777778
0 0.611574074074074 0.38333333333333336 0.15324074074074073 0.1425925925925926
0 0.7407407407407407 0.6087962962962963 0.1337962962962963 0.2638888888888889
0 0.8564814814814815 0.6601851851851852 0.1587962962962963 0.32037037037037036
0 0.31574074074074077 0.33055555555555555 0.0837962962962963 0.18888888888888888
0 0.22916666666666666 0.46435185185185185 0.09259259259259259 0.21203703703703702
0 0.44537037037037036 0.16805555555555557 0.06018518518518518 0.13055555555555556
0 0.3925925925925926 0.12824074074074074 0.06018518518518518 0.08796296296296297
0 0.38055555555555554 0.10092592592592593 0.062037037037037036 0.06296296296296296
0 0.32314814814814813 0.1625 0.09074074074074075 0.062037037037037036
0 0.2212962962962963 0.21851851851851853 0.0763888888888889 0.14814814814814814
0 0.2111111111111111 0.20787037037037037 0.09675925925925925 0.05462962962962963
0 0.22777777777777777 0.34120370370370373 0.1 0.10462962962962963
0 0.45046296296296295 0.3509259259259259 0.0962962962962963 0.1574074074074074