0 0.7328125 0.65390625 0.1078125 0.325
0 0.78515625 0.47421875 0.07109375 0.20703125
0 0.228125 0.53359375 0.0984375 0.2984375
0 0.14453125 0.65546875 0.09765625 0.3765625
0 0.0953125 0.634375 0.09140625 0.29921875
0 0.51171875 0.36796875 0.115625 0.15078125
0 0.47890625 0.2359375 0.07578125 0.175
0 0.53828125 0.28125 0.07265625 0.1296875
0 0.58671875 0.14609375 0.06484375 0.10859375
0 0.54609375 0.16640625 0.07265625 0.09140625
0 0.615625 0.15078125 0.06328125 0.04296875
0 0.70078125 0.178125 0.103125 0.05859375
0 0.6765625 0.153125 0.0921875 0.05390625