0 0.2537037037037037 0.5462962962962963 0.125 0.27037037037037037
0 0.45046296296296295 0.3523148148148148 0.09259259259259259 0.14722222222222223
0 0.6782407407407407 0.7671296296296296 0.1824074074074074 0.4101851851851852
0 0.7300925925925926 0.6138888888888889 0.1486111111111111 0.21851851851851853
0 0.8569444444444444 0.6694444444444444 0.13657407407407407 0.3277777777777778
0 0.8777777777777778 0.5939814814814814 0.14351851851851852 0.33240740740740743
0 0.3111111111111111 0.17175925925925925 0.09212962962962963 0.05462962962962963
0 0.36157407407407405 0.13240740740740742 0.08518518518518518 0.07962962962962963
0 0.3925925925925926 0.11851851851851852 0.09351851851851851 0.08703703703703704
0 0.2814814814814815 0.14351851851851852 0.07546296296296297 0.06111111111111111
0 0.22083333333333333 0.1875 0.10416666666666667 0.11388888888888889
0 0.20787037037037037 0.3333333333333333 0.06111111111111111 0.1
0 0.262037037037037 0.350462962962963 0.07777777777777778 0.1787037037037037