0 0.52734375 0.41953125 0.2046875 0.2359375
0 0.240625 0.571875 0.1375 0.2703125
0 0.36953125 0.3359375 0.16484375 0.18046875
0 0.57890625 0.5609375 0.22421875 0.209375
0 0.7484375 0.628125 0.13046875 0.309375
0 0.671875 0.8765625 0.0953125 0.24453125
0 0.77421875 0.259375 0.0828125 0.15703125
0 0.70625 0.25234375 0.05703125 0.18203125
0 0.62109375 0.1703125 0.10390625 0.12578125
0 0.5203125 0.275 0.1046875 0.14453125
0 0.6140625 0.103125 0.0296875 0.05625
0 0.671875 0.128125 0.04921875 0.0890625
0 0.72265625 0.15390625 0.05546875 0.09375
0 0.79296875 0.20703125 0.08671875 0.0640625