0 0.28888888888888886 0.37407407407407406 0.14907407407407408 0.26296296296296295
0 0.15648148148148147 0.6291666666666667 0.1912037037037037 0.22870370370370371
0 0.16157407407407406 0.687962962962963 0.1574074074074074 0.2611111111111111
0 0.3851851851851852 0.8888888888888888 0.19537037037037036 0.22037037037037038
0 0.6314814814814815 0.8226851851851852 0.19305555555555556 0.3527777777777778
0 0.750462962962963 0.6953703703703704 0.10833333333333334 0.3148148148148148
0 0.6300925925925925 0.6194444444444445 0.21203703703703702 0.1814814814814815
0 0.5717592592592593 0.524074074074074 0.2162037037037037 0.16296296296296298
0 0.6847222222222222 0.48009259259259257 0.1912037037037037 0.14537037037037037
0 0.7907407407407407 0.4125 0.06620370370370371 0.19537037037037036
0 0.7212962962962963 0.39444444444444443 0.09166666666666666 0.14629629629629629
0 0.7939814814814815 0.25 0.07037037037037037 0.07407407407407407
0 0.7759259259259259 0.3226851851851852 0.09814814814814815 0.0787037037037037
0 0.7407407407407407 0.16712962962962963 0.10648148148148148 0.11018518518518519