0 0.3597222222222222 0.8148148148148148 0.2601851851851852 0.3685185185185185
0 0.6129629629629629 0.8375 0.23055555555555557 0.32314814814814813
0 0.6166666666666667 0.687037037037037 0.2740740740740741 0.25925925925925924
0 0.2263888888888889 0.549537037037037 0.1550925925925926 0.21574074074074073
0 0.17546296296296296 0.5143518518518518 0.1625 0.30648148148148147
0 0.5 0.43842592592592594 0.15925925925925927 0.2638888888888889
0 0.538425925925926 0.25462962962962965 0.04722222222222222 0.1388888888888889
0 0.6421296296296296 0.3300925925925926 0.0837962962962963 0.19537037037037036
0 0.6087962962962963 0.13472222222222222 0.07592592592592592 0.075
0 0.6953703703703704 0.17083333333333334 0.09212962962962963 0.06388888888888888
0 0.7888888888888889 0.20092592592592592 0.08611111111111111 0.08703703703703704
0 0.7694444444444445 0.45185185185185184 0.09814814814814815 0.19814814814814816
0 0.6953703703703704 0.44166666666666665 0.12083333333333333 0.23148148148148148
0 0.6828703703703703 0.37453703703703706 0.09861111111111111 0.1527777777777778