0 0.72734375 0.70234375 0.13515625 0.33046875
0 0.76796875 0.4765625 0.10078125 0.21328125
0 0.121875 0.66953125 0.12890625 0.34921875
0 0.1015625 0.62265625 0.12265625 0.28984375
0 0.4703125 0.44296875 0.07890625 0.27421875
0 0.52578125 0.36796875 0.09140625 0.16015625
0 0.45390625 0.2859375 0.05546875 0.134375
0 0.53984375 0.278125 0.07265625 0.13203125
0 0.584375 0.1359375 0.08984375 0.11484375
0 0.5421875 0.16875 0.06484375 0.09609375
0 0.69765625 0.171875 0.10234375 0.046875
0 0.68359375 0.14375 0.07421875 0.0359375
0 0.6171875 0.1515625 0.06328125 0.04296875