0 0.29765625 0.92578125 0.19296875 0.14609375
0 0.2953125 0.696875 0.1546875 0.290625
0 0.1375 0.65390625 0.16171875 0.29453125
0 0.73203125 0.72421875 0.12265625 0.33359375
0 0.78125 0.4765625 0.06484375 0.18671875
0 0.73984375 0.453125 0.09609375 0.2953125
0 0.6890625 0.425 0.08359375 0.1796875
0 0.490625 0.35625 0.146875 0.10625
0 0.29140625 0.38515625 0.153125 0.2390625
0 0.3953125 0.3171875 0.05078125 0.196875
0 0.49921875 0.23671875 0.13046875 0.13125
0 0.6546875 0.15546875 0.07421875 0.07109375
0 0.696875 0.1671875 0.06171875 0.07109375
0 0.74453125 0.18671875 0.04453125 0.11640625
0 0.7828125 0.2078125 0.0578125 0.0640625