0 0.2796875 0.6375 0.13046875 0.32109375
0 0.5765625 0.29921875 0.07578125 0.1984375
0 0.7609375 0.20625 0.1078125 0.0765625
0 0.79375 0.39609375 0.05234375 0.16171875
0 0.74140625 0.38046875 0.0625 0.13828125
0 0.7203125 0.471875 0.16171875 0.2109375
0 0.63359375 0.515625 0.16328125 0.284375
0 0.575 0.6859375 0.23984375 0.271875
0 0.68203125 0.89140625 0.14296875 0.215625
0 0.36953125 0.89921875 0.2875 0.2
0 0.14453125 0.70078125 0.13203125 0.275
0 0.1328125 0.64375 0.14140625 0.265625
0 0.2484375 0.5546875 0.09921875 0.14296875