0 0.7546296296296297 0.5689814814814815 0.125 0.22870370370370371
0 0.8740740740740741 0.6574074074074074 0.13796296296296295 0.2759259259259259
0 0.6643518518518519 0.9074074074074074 0.24305555555555555 0.18333333333333332
0 0.4185185185185185 0.5300925925925926 0.22870370370370371 0.1527777777777778
0 0.5314814814814814 0.4203703703703704 0.14907407407407408 0.11851851851851852
0 0.6314814814814815 0.44351851851851853 0.13148148148148148 0.20555555555555555
0 0.2564814814814815 0.6481481481481481 0.10925925925925926 0.2518518518518518
0 0.27824074074074073 0.4462962962962963 0.19027777777777777 0.3351851851851852
0 0.25555555555555554 0.3819444444444444 0.14629629629629629 0.2101851851851852
0 0.21712962962962962 0.274537037037037 0.08009259259259259 0.15092592592592594
0 0.21342592592592594 0.20601851851851852 0.0837962962962963 0.075
0 0.28703703703703703 0.1685185185185185 0.06157407407407407 0.07777777777777778
0 0.3365740740740741 0.13703703703703704 0.04027777777777778 0.09444444444444444
0 0.38287037037037036 0.14166666666666666 0.0587962962962963 0.06851851851851852