0 0.70625 0.3671875 0.13046875 0.2546875
0 0.34921875 0.16640625 0.10078125 0.07421875
0 0.20078125 0.184375 0.08125 0.08984375
0 0.19921875 0.2484375 0.06484375 0.08046875
0 0.2234375 0.315625 0.11953125 0.078125
0 0.20390625 0.40859375 0.0640625 0.20859375
0 0.2671875 0.39140625 0.07265625 0.14296875
0 0.29921875 0.4515625 0.1375 0.18046875
0 0.42734375 0.53203125 0.215625 0.18046875
0 0.2625 0.678125 0.1421875 0.3296875
0 0.3609375 0.59609375 0.2109375 0.22890625
0 0.36875 0.81171875 0.19921875 0.375
0 0.8421875 0.65078125 0.20234375 0.26484375
0 0.83203125 0.7109375 0.17578125 0.2953125