0 0.6819444444444445 0.7467592592592592 0.15416666666666667 0.5046296296296297
0 0.43194444444444446 0.5162037037037037 0.2222222222222222 0.1527777777777778
0 0.8421296296296297 0.6370370370370371 0.1884259259259259 0.2537037037037037
0 0.8319444444444445 0.6962962962962963 0.17824074074074073 0.2611111111111111
0 0.3907407407407407 0.12037037037037036 0.10648148148148148 0.1037037037037037
0 0.27824074074074073 0.3921296296296296 0.09722222222222222 0.1287037037037037
0 0.20694444444444443 0.2574074074074074 0.06851851851851852 0.09259259259259259
0 0.22453703703703703 0.31203703703703706 0.09953703703703703 0.07222222222222222
0 0.20925925925925926 0.4060185185185185 0.06388888888888888 0.18611111111111112
0 0.31712962962962965 0.46620370370370373 0.18888888888888888 0.1287037037037037
0 0.3592592592592593 0.611574074074074 0.2175925925925926 0.1675925925925926
0 0.36342592592592593 0.8263888888888888 0.18518518518518517 0.3453703703703704
0 0.4634259259259259 0.8787037037037037 0.16805555555555557 0.24074074074074073
0 0.2587962962962963 0.6833333333333333 0.12037037037037036 0.29074074074074074