0 0.41796875 0.53359375 0.23828125 0.15703125
0 0.525 0.41015625 0.1765625 0.14453125
0 0.65859375 0.4015625 0.09609375 0.18984375
0 0.7515625 0.58046875 0.14609375 0.26328125
0 0.30859375 0.8859375 0.13671875 0.2265625
0 0.26171875 0.62578125 0.13515625 0.303125
0 0.20234375 0.24609375 0.06796875 0.14609375
0 0.25 0.1734375 0.06171875 0.10546875
0 0.31953125 0.18125 0.10859375 0.11796875
0 0.421875 0.11953125 0.04296875 0.1015625
0 0.3828125 0.1265625 0.03828125 0.09296875
0 0.3375 0.11875 0.0640625 0.07109375