0 0.4046875 0.78515625 0.28828125 0.31875
0 0.64609375 0.3140625 0.1203125 0.22109375
0 0.7234375 0.49140625 0.12265625 0.2484375
0 0.8421875 0.590625 0.06953125 0.1453125
0 0.5046875 0.45859375 0.16953125 0.24921875
0 0.42890625 0.51796875 0.18046875 0.278125
0 0.275 0.57734375 0.1421875 0.346875
0 0.4515625 0.16484375 0.06953125 0.09296875
0 0.41640625 0.14375 0.071875 0.11953125
0 0.38046875 0.1265625 0.0640625 0.09453125
0 0.284375 0.16328125 0.0765625 0.1
0 0.21484375 0.18203125 0.0890625 0.11953125
0 0.275 0.44296875 0.1453125 0.30546875
0 0.621875 0.90546875 0.10859375 0.18828125