0 0.6791666666666667 0.575925925925926 0.15648148148148147 0.2740740740740741
0 0.3277777777777778 0.8083333333333333 0.13425925925925927 0.3574074074074074
0 0.2513888888888889 0.6819444444444445 0.1162037037037037 0.33611111111111114
0 0.29305555555555557 0.5180555555555556 0.12361111111111112 0.25462962962962965
0 0.5685185185185185 0.31805555555555554 0.07175925925925926 0.2564814814814815
0 0.7601851851851852 0.4439814814814815 0.12638888888888888 0.2101851851851852
0 0.8555555555555555 0.6370370370370371 0.15092592592592594 0.32037037037037036
0 0.8361111111111111 0.7083333333333334 0.1814814814814815 0.22962962962962963
0 0.899537037037037 0.6157407407407407 0.11851851851851852 0.2759259259259259
0 0.45555555555555555 0.17175925925925925 0.07175925925925926 0.0824074074074074
0 0.3013888888888889 0.17546296296296296 0.1037037037037037 0.06388888888888888
0 0.20694444444444443 0.20462962962962963 0.075 0.08333333333333333
0 0.29814814814814816 0.32407407407407407 0.13333333333333333 0.19074074074074074
0 0.21574074074074073 0.4583333333333333 0.06018518518518518 0.18518518518518517