0 0.57265625 0.26484375 0.1234375 0.1703125
0 0.76171875 0.6390625 0.09140625 0.34375
0 0.865625 0.65078125 0.15078125 0.25546875
0 0.8578125 0.703125 0.13515625 0.27578125
0 0.43125 0.52890625 0.22109375 0.18046875
0 0.31953125 0.47578125 0.19921875 0.15546875
0 0.61875 0.8859375 0.1921875 0.22578125
0 0.36171875 0.83046875 0.21015625 0.33828125
0 0.25625 0.69375 0.13046875 0.31328125
0 0.36953125 0.61796875 0.22109375 0.2015625
0 0.2078125 0.16796875 0.096875 0.11796875
0 0.1953125 0.25546875 0.06328125 0.08046875
0 0.22109375 0.3171875 0.11328125 0.0765625
0 0.20703125 0.41015625 0.06796875 0.20390625
0 0.27890625 0.39375 0.09375 0.1390625