0 0.84765625 0.67421875 0.18359375 0.28125
0 0.40546875 0.5140625 0.178125 0.24921875
0 0.4765625 0.4078125 0.13359375 0.10859375
0 0.5734375 0.41796875 0.1171875 0.21796875
0 0.67890625 0.39453125 0.08046875 0.21171875
0 0.57265625 0.321875 0.14765625 0.11796875
0 0.45625 0.3359375 0.10546875 0.1140625
0 0.49609375 0.17734375 0.06171875 0.15625
0 0.24140625 0.16484375 0.075 0.0984375
0 0.29921875 0.1234375 0.0703125 0.06328125
0 0.31875 0.16171875 0.0890625 0.06484375
0 0.21484375 0.20078125 0.09921875 0.0546875
0 0.21640625 0.340625 0.08828125 0.11640625
0 0.22109375 0.45390625 0.07734375 0.20625