0 0.4949074074074074 0.4310185185185185 0.17685185185185184 0.12314814814814815
0 0.47638888888888886 0.3726851851851852 0.1597222222222222 0.06944444444444445
0 0.3939814814814815 0.4759259259259259 0.08888888888888889 0.28888888888888886
0 0.3435185185185185 0.8953703703703704 0.21851851851851853 0.2074074074074074
0 0.1310185185185185 0.6597222222222222 0.1412037037037037 0.28425925925925927
0 0.7462962962962963 0.6208333333333333 0.12361111111111112 0.3101851851851852
0 0.5800925925925926 0.5310185185185186 0.22546296296296298 0.16203703703703703
0 0.611574074074074 0.3226851851851852 0.16944444444444445 0.16574074074074074
0 0.7430555555555556 0.3990740740740741 0.1388888888888889 0.20185185185185187
0 0.7407407407407407 0.17407407407407408 0.1 0.13518518518518519
0 0.5546296296296296 0.15324074074074073 0.05324074074074074 0.11944444444444445
0 0.6143518518518518 0.1425925925925926 0.059722222222222225 0.07222222222222222
0 0.8037037037037037 0.2064814814814815 0.05787037037037037 0.06666666666666667
0 0.6856481481481481 0.1638888888888889 0.03888888888888889 0.05925925925925926