0 0.3537037037037037 0.8555555555555555 0.287962962962963 0.28703703703703703
0 0.1310185185185185 0.6199074074074075 0.06296296296296296 0.13796296296296295
0 0.42314814814814816 0.5185185185185185 0.2412037037037037 0.24814814814814815
0 0.7074074074074074 0.7986111111111112 0.15185185185185185 0.3194444444444444
0 0.7805555555555556 0.4736111111111111 0.08796296296296297 0.23055555555555557
0 0.7291666666666666 0.45231481481481484 0.08518518518518518 0.18796296296296297
0 0.6861111111111111 0.33425925925925926 0.08194444444444444 0.22037037037037038
0 0.8013888888888889 0.30648148148148147 0.062037037037037036 0.20555555555555555
0 0.799537037037037 0.21342592592592594 0.07592592592592592 0.05648148148148148
0 0.562962962962963 0.18935185185185185 0.10416666666666667 0.13425925925925927
0 0.6013888888888889 0.14722222222222223 0.08009259259259259 0.06111111111111111
0 0.6361111111111111 0.15138888888888888 0.08009259259259259 0.0712962962962963
0 0.6717592592592593 0.15555555555555556 0.07546296296296297 0.06296296296296296