0 0.500462962962963 0.6194444444444445 0.10277777777777777 0.4074074074074074
0 0.2763888888888889 0.9300925925925926 0.12824074074074074 0.13796296296296295
0 0.7828703703703703 0.4828703703703704 0.06296296296296296 0.20462962962962963
0 0.7814814814814814 0.2101851851851852 0.09722222222222222 0.07037037037037037
0 0.7296296296296296 0.4930555555555556 0.07592592592592592 0.33055555555555555
0 0.6592592592592592 0.43842592592592594 0.09027777777777778 0.20833333333333334
0 0.6597222222222222 0.15138888888888888 0.05740740740740741 0.06944444444444445
0 0.6949074074074074 0.1675925925925926 0.0763888888888889 0.07592592592592592
0 0.6050925925925926 0.12083333333333333 0.06527777777777778 0.08981481481481482
0 0.5587962962962963 0.15925925925925927 0.062037037037037036 0.12407407407407407
0 0.47314814814814815 0.20925925925925926 0.11712962962962963 0.14629629629629629
0 0.42083333333333334 0.37962962962962965 0.16574074074074074 0.1388888888888889
0 0.29444444444444445 0.3925925925925926 0.11851851851851852 0.2537037037037037
0 0.10324074074074074 0.6861111111111111 0.05694444444444444 0.1648148148148148
0 0.1388888888888889 0.6569444444444444 0.16111111111111112 0.27685185185185185