0 0.6296296296296297 0.7212962962962963 0.274537037037037 0.26481481481481484
0 0.10925925925925926 0.6226851851851852 0.12361111111111112 0.35648148148148145
0 0.14629629629629629 0.6074074074074074 0.06944444444444445 0.14444444444444443
0 0.2439814814814815 0.912962962962963 0.09537037037037037 0.17222222222222222
0 0.6087962962962963 0.4930555555555556 0.1962962962962963 0.25462962962962965
0 0.7430555555555556 0.5087962962962963 0.11527777777777778 0.3490740740740741
0 0.787962962962963 0.48148148148148145 0.055092592592592596 0.1925925925925926
0 0.4925925925925926 0.21898148148148147 0.09490740740740741 0.16944444444444445
0 0.5592592592592592 0.1699074074074074 0.07824074074074074 0.075
0 0.7472222222222222 0.1648148148148148 0.06111111111111111 0.1
0 0.7814814814814814 0.2912037037037037 0.062037037037037036 0.20277777777777778
0 0.6097222222222223 0.14814814814814814 0.07916666666666666 0.05185185185185185
0 0.6476851851851851 0.15601851851851853 0.062037037037037036 0.06388888888888888
0 0.6717592592592593 0.1597222222222222 0.07314814814814814 0.06759259259259259