0 0.36015625 0.871875 0.2546875 0.2546875
0 0.128125 0.63046875 0.06875 0.140625
0 0.70859375 0.80625 0.159375 0.33203125
0 0.72421875 0.53828125 0.16328125 0.34140625
0 0.78203125 0.48359375 0.0671875 0.209375
0 0.74453125 0.42421875 0.0578125 0.125
0 0.69765625 0.303125 0.15 0.17578125
0 0.54453125 0.1671875 0.06015625 0.084375
0 0.5765625 0.146875 0.05625 0.10859375
0 0.61953125 0.15 0.05078125 0.0515625
0 0.64609375 0.14765625 0.06015625 0.0734375
0 0.678125 0.153125 0.07578125 0.0765625
0 0.75078125 0.17734375 0.05546875 0.11171875
0 0.784375 0.21328125 0.10703125 0.0640625