0 0.36018518518518516 0.7175925925925926 0.29212962962962963 0.3592592592592593
0 0.6699074074074074 0.8814814814814815 0.18796296296296297 0.2351851851851852
0 0.31851851851851853 0.5625 0.19444444444444445 0.3212962962962963
0 0.22453703703703703 0.4842592592592593 0.07777777777777778 0.19814814814814816
0 0.3111111111111111 0.3958333333333333 0.09537037037037037 0.13796296296296295
0 0.524537037037037 0.5296296296296297 0.16805555555555557 0.2074074074074074
0 0.5782407407407407 0.37962962962962965 0.16805555555555557 0.1388888888888889
0 0.6481481481481481 0.3578703703703704 0.1537037037037037 0.21388888888888888
0 0.7898148148148149 0.7106481481481481 0.25925925925925924 0.27314814814814814
0 0.850462962962963 0.6611111111111111 0.14305555555555555 0.3074074074074074
0 0.7625 0.5078703703703704 0.09675925925925925 0.10277777777777777
0 0.4634259259259259 0.15416666666666667 0.06388888888888888 0.1287037037037037
0 0.22083333333333333 0.2101851851851852 0.09907407407407408 0.07962962962962963
0 0.34305555555555556 0.1537037037037037 0.06759259259259259 0.07222222222222222
0 0.3921296296296296 0.14629629629629629 0.06805555555555555 0.06296296296296296