0 0.2967592592592593 0.9064814814814814 0.1527777777777778 0.18518518518518517
0 0.5439814814814815 0.45694444444444443 0.1287037037037037 0.30833333333333335
0 0.4981481481481482 0.35138888888888886 0.07685185185185185 0.1287037037037037
0 0.5402777777777777 0.28703703703703703 0.07175925925925926 0.13703703703703704
0 0.16527777777777777 0.5842592592592593 0.07685185185185185 0.12777777777777777
0 0.13148148148148148 0.6 0.16620370370370371 0.21666666666666667
0 0.7787037037037037 0.487962962962963 0.08009259259259259 0.24444444444444444
0 0.7328703703703704 0.40046296296296297 0.0625 0.20092592592592592
0 0.5430555555555555 0.16898148148148148 0.06666666666666667 0.08611111111111111
0 0.6046296296296296 0.14351851851851852 0.09166666666666666 0.05555555555555555
0 0.6953703703703704 0.17314814814814813 0.08703703703703704 0.05925925925925926
0 0.7870370370370371 0.19675925925925927 0.10092592592592593 0.14537037037037037