0 0.315625 0.659375 0.19765625 0.23828125
0 0.45078125 0.8453125 0.11953125 0.30703125
0 0.578125 0.81171875 0.10078125 0.375
0 0.671875 0.834375 0.11328125 0.32890625
0 0.87265625 0.65546875 0.16171875 0.2296875
0 0.56484375 0.50625 0.0859375 0.32421875
0 0.45703125 0.3734375 0.16015625 0.2
0 0.29375 0.50078125 0.20234375 0.19375
0 0.24921875 0.4234375 0.1375 0.15
0 0.33984375 0.3796875 0.0578125 0.12421875
0 0.24375 0.16953125 0.103125 0.10546875
0 0.42421875 0.146875 0.10859375 0.11796875
0 0.33125 0.14609375 0.0671875 0.1015625