0 0.2912037037037037 0.9069444444444444 0.1388888888888889 0.18425925925925926
0 0.14537037037037037 0.5925925925925926 0.07037037037037037 0.21296296296296297
0 0.10046296296296296 0.7402777777777778 0.0824074074074074 0.18981481481481483
0 0.6851851851851852 0.6050925925925926 0.21342592592592594 0.4027777777777778
0 0.5046296296296297 0.37962962962962965 0.14907407407407408 0.1388888888888889
0 0.3337962962962963 0.46435185185185185 0.1537037037037037 0.20277777777777778
0 0.5597222222222222 0.28935185185185186 0.13240740740740742 0.10462962962962963
0 0.5421296296296296 0.17546296296296296 0.07083333333333333 0.08425925925925926
0 0.611574074074074 0.20601851851851852 0.06620370370370371 0.1638888888888889
0 0.6055555555555555 0.10833333333333334 0.053703703703703705 0.08333333333333333
0 0.6726851851851852 0.14166666666666666 0.08888888888888889 0.1
0 0.7513888888888889 0.33240740740740743 0.0875 0.1814814814814815
0 0.7828703703703703 0.47129629629629627 0.06805555555555555 0.19814814814814816
0 0.7162037037037037 0.5356481481481481 0.16944444444444445 0.33796296296296297