0 0.5370370370370371 0.31574074074074077 0.06342592592592593 0.18888888888888888
0 0.5444444444444444 0.2175925925925926 0.12222222222222222 0.17592592592592593
0 0.2375 0.30694444444444446 0.125 0.07314814814814814
0 0.20601851851851852 0.3972222222222222 0.05462962962962963 0.1685185185185185
0 0.26296296296296295 0.3587962962962963 0.06620370370370371 0.11388888888888889
0 0.2847222222222222 0.4425925925925926 0.16018518518518518 0.17222222222222222
0 0.23194444444444445 0.6328703703703704 0.09861111111111111 0.2972222222222222
0 0.43287037037037035 0.525 0.22407407407407406 0.18703703703703703
0 0.32592592592592595 0.6875 0.11944444444444445 0.2935185185185185
0 0.3453703703703704 0.8865740740740741 0.0962962962962963 0.225
0 0.637962962962963 0.8967592592592593 0.24166666666666667 0.20462962962962963
0 0.7393518518518518 0.5944444444444444 0.1787037037037037 0.25555555555555554
0 0.8574074074074074 0.6513888888888889 0.13472222222222222 0.2675925925925926
0 0.9064814814814814 0.7203703703703703 0.07685185185185185 0.20925925925925926