0 0.465625 0.20625 0.0859375 0.17109375
0 0.34765625 0.171875 0.10625 0.07578125
0 0.8453125 0.65546875 0.1875 0.26171875
0 0.83046875 0.70859375 0.18359375 0.28046875
0 0.6109375 0.58203125 0.2484375 0.2390625
0 0.23046875 0.284375 0.07421875 0.1109375
0 0.20546875 0.40546875 0.05390625 0.18125
0 0.26640625 0.39453125 0.0640625 0.159375
0 0.296875 0.421875 0.12578125 0.12421875
0 0.4484375 0.52109375 0.1546875 0.16171875
0 0.24375 0.68125 0.10546875 0.29453125
0 0.3453125 0.78671875 0.18515625 0.42421875
0 0.5546875 0.81015625 0.25234375 0.378125
0 0.32109375 0.56484375 0.23984375 0.23515625