0 0.5140625 0.221875 0.13828125 0.1859375
0 0.40234375 0.14453125 0.07265625 0.1234375
0 0.2 0.18359375 0.04921875 0.1234375
0 0.20078125 0.25703125 0.07890625 0.090625
0 0.2328125 0.3125 0.12109375 0.06953125
0 0.209375 0.41328125 0.06328125 0.18359375
0 0.26875 0.4015625 0.06640625 0.16953125
0 0.3359375 0.35390625 0.09609375 0.22578125
0 0.42421875 0.53203125 0.22421875 0.18359375
0 0.3578125 0.62421875 0.21328125 0.19375
0 0.25625 0.6953125 0.12421875 0.32421875
0 0.3625 0.81484375 0.215625 0.36875
0 0.84140625 0.65078125 0.19140625 0.253125
0 0.83203125 0.7 0.18125 0.2703125