0 0.6995370370370371 0.8199074074074074 0.12314814814814815 0.35833333333333334
0 0.1287037037037037 0.6472222222222223 0.06759259259259259 0.17037037037037037
0 0.10972222222222222 0.6754629629629629 0.10092592592592593 0.36944444444444446
0 0.3300925925925926 0.37962962962962965 0.0787037037037037 0.22037037037037038
0 0.4388888888888889 0.3800925925925926 0.09722222222222222 0.275
0 0.638425925925926 0.40324074074074073 0.07824074074074074 0.24351851851851852
0 0.725 0.45601851851851855 0.09259259259259259 0.18055555555555555
0 0.7800925925925926 0.4847222222222222 0.06944444444444445 0.20833333333333334
0 0.5666666666666667 0.15925925925925927 0.08981481481481482 0.11481481481481481
0 0.6046296296296296 0.1486111111111111 0.08842592592592592 0.058333333333333334
0 0.6421296296296296 0.1476851851851852 0.06620370370370371 0.07314814814814814
0 0.7222222222222222 0.18888888888888888 0.0962962962962963 0.07037037037037037
0 0.7601851851851852 0.19490740740740742 0.09583333333333334 0.075
0 0.674074074074074 0.14537037037037037 0.0699074074074074 0.06851851851851852