0 0.3375 0.91171875 0.27265625 0.17421875
0 0.321875 0.640625 0.1609375 0.3703125
0 0.22578125 0.58671875 0.11015625 0.20390625
0 0.146875 0.54296875 0.11484375 0.1234375
0 0.1078125 0.690625 0.11953125 0.19453125
0 0.63125 0.68203125 0.28203125 0.31484375
0 0.709375 0.80703125 0.165625 0.384375
0 0.56171875 0.48125 0.22421875 0.24140625
0 0.68203125 0.42890625 0.08515625 0.178125
0 0.7125 0.46328125 0.11015625 0.1953125
0 0.77734375 0.48203125 0.07265625 0.20625
0 0.5796875 0.17734375 0.06953125 0.146875
0 0.646875 0.15390625 0.09296875 0.06328125
0 0.72109375 0.1875 0.09609375 0.06953125