0 0.36015625 0.81484375 0.26015625 0.36875
0 0.6125 0.8375 0.23046875 0.3234375
0 0.61640625 0.68671875 0.27421875 0.259375
0 0.2265625 0.54921875 0.15546875 0.215625
0 0.17578125 0.5140625 0.1625 0.30625
0 0.5 0.43828125 0.159375 0.2640625
0 0.53828125 0.2546875 0.04765625 0.1390625
0 0.6421875 0.33046875 0.08359375 0.1953125
0 0.60859375 0.134375 0.07578125 0.075
0 0.6953125 0.17109375 0.0921875 0.0640625
0 0.7890625 0.20078125 0.0859375 0.08671875
0 0.76953125 0.4515625 0.09765625 0.1984375
0 0.6953125 0.44140625 0.12109375 0.23125
0 0.6828125 0.37421875 0.0984375 0.153125