0 0.6657407407407407 0.9166666666666666 0.25555555555555554 0.1648148148148148
0 0.8842592592592593 0.750462962962963 0.11944444444444445 0.25092592592592594
0 0.8925925925925926 0.6537037037037037 0.12453703703703704 0.2111111111111111
0 0.8305555555555556 0.48657407407407405 0.14351851851851852 0.19722222222222222
0 0.45185185185185184 0.3523148148148148 0.09305555555555556 0.15092592592592594
0 0.25277777777777777 0.5263888888888889 0.0912037037037037 0.29907407407407405
0 0.2759259259259259 0.35462962962962963 0.05555555555555555 0.17222222222222222
0 0.2162037037037037 0.33055555555555555 0.08009259259259259 0.09814814814814815
0 0.41712962962962963 0.11388888888888889 0.0625 0.09074074074074075
0 0.36203703703703705 0.12638888888888888 0.03518518518518519 0.09351851851851851
0 0.3189814814814815 0.14444444444444443 0.05138888888888889 0.11296296296296296
0 0.2199074074074074 0.1837962962962963 0.10462962962962963 0.1175925925925926
0 0.2773148148148148 0.1412037037037037 0.050462962962962966 0.06574074074074074