0 0.6125 0.69453125 0.26953125 0.253125
0 0.61875 0.8359375 0.234375 0.3265625
0 0.25625 0.43203125 0.134375 0.240625
0 0.1078125 0.62421875 0.11640625 0.28984375
0 0.17578125 0.70390625 0.22734375 0.2296875
0 0.20390625 0.58671875 0.153125 0.125
0 0.628125 0.33203125 0.0671875 0.20625
0 0.61015625 0.12578125 0.07578125 0.09296875
0 0.73046875 0.22890625 0.125 0.153125
0 0.78046875 0.47578125 0.07109375 0.215625
0 0.71484375 0.45390625 0.10390625 0.184375
0 0.68125 0.3890625 0.08828125 0.175
0 0.7984375 0.20546875 0.06640625 0.0890625