0 0.5518518518518518 0.3537037037037037 0.10185185185185185 0.15185185185185185
0 0.3587962962962963 0.8958333333333334 0.24259259259259258 0.2064814814814815
0 0.26990740740740743 0.47638888888888886 0.11574074074074074 0.20833333333333334
0 0.2337962962962963 0.6222222222222222 0.11388888888888889 0.22777777777777777
0 0.14074074074074075 0.6481481481481481 0.1685185185185185 0.29814814814814816
0 0.10833333333333334 0.5555555555555556 0.17083333333333334 0.28703703703703703
0 0.749537037037037 0.42314814814814816 0.05740740740740741 0.22777777777777777
0 0.7888888888888889 0.33055555555555555 0.06666666666666667 0.09259259259259259
0 0.6134259259259259 0.11898148148148148 0.04861111111111111 0.08611111111111111
0 0.5782407407407407 0.12175925925925926 0.028703703703703703 0.08796296296296297
0 0.6856481481481481 0.17175925925925925 0.08796296296296297 0.049074074074074076
0 0.7870370370370371 0.17824074074074073 0.0962962962962963 0.09537037037037037
0 0.7388888888888889 0.16064814814814815 0.041666666666666664 0.08981481481481482