0 0.8412037037037037 0.6416666666666667 0.18472222222222223 0.2518518518518518
0 0.8314814814814815 0.7060185185185185 0.17314814814814813 0.2824074074074074
0 0.41759259259259257 0.12546296296296297 0.03888888888888889 0.11944444444444445
0 0.3300925925925926 0.17083333333333334 0.10277777777777777 0.075
0 0.21388888888888888 0.18194444444444444 0.08518518518518518 0.11574074074074074
0 0.2064814814814815 0.2611111111111111 0.06759259259259259 0.08333333333333333
0 0.23055555555555557 0.32314814814814813 0.10972222222222222 0.07962962962962963
0 0.21203703703703702 0.40879629629629627 0.06296296296296296 0.17685185185185184
0 0.2671296296296296 0.387037037037037 0.07361111111111111 0.1259259259259259
0 0.2810185185185185 0.462037037037037 0.1638888888888889 0.19074074074074074
0 0.4287037037037037 0.5342592592592592 0.22314814814814815 0.18888888888888888
0 0.36342592592592593 0.6185185185185185 0.21203703703703702 0.18333333333333332
0 0.26990740740740743 0.6925925925925925 0.13425925925925927 0.3
0 0.3662037037037037 0.8263888888888888 0.20185185185185187 0.3453703703703704