0 0.44609375 0.840625 0.26640625 0.31796875
0 0.28046875 0.9 0.140625 0.1984375
0 0.590625 0.80859375 0.25390625 0.38046875
0 0.6234375 0.6640625 0.1171875 0.34375
0 0.709375 0.8078125 0.10234375 0.38203125
0 0.31328125 0.51875 0.153125 0.2140625
0 0.16875 0.66171875 0.19609375 0.384375
0 0.11640625 0.6578125 0.11484375 0.2453125
0 0.34765625 0.37109375 0.084375 0.1390625
0 0.46328125 0.259375 0.08046875 0.1703125
0 0.6796875 0.43125 0.0875 0.18671875
0 0.72421875 0.46640625 0.09296875 0.1984375
0 0.77734375 0.48203125 0.07421875 0.20546875
0 0.790625 0.184375 0.0921875 0.13515625