0 0.40859375 0.428125 0.14296875 0.23125
0 0.3171875 0.734375 0.17421875 0.38671875
0 0.3390625 0.925 0.12265625 0.1484375
0 0.609375 0.62421875 0.27734375 0.28671875
0 0.1890625 0.596875 0.09921875 0.20859375
0 0.10625 0.68046875 0.08359375 0.22421875
0 0.65390625 0.43203125 0.20703125 0.2453125
0 0.56484375 0.36640625 0.11640625 0.196875
0 0.65078125 0.26171875 0.10546875 0.12578125
0 0.603125 0.134375 0.084375 0.09453125
0 0.79140625 0.40546875 0.05859375 0.18984375
0 0.74140625 0.3765625 0.053125 0.12890625
0 0.7546875 0.515625 0.07109375 0.15625
0 0.1046875 0.77265625 0.0546875 0.14921875