0 0.36435185185185187 0.8953703703703704 0.25462962962962965 0.2074074074074074
0 0.7444444444444445 0.6425925925925926 0.12222222222222222 0.29259259259259257
0 0.18796296296296297 0.6768518518518518 0.21712962962962962 0.2351851851851852
0 0.18472222222222223 0.5435185185185185 0.14444444444444443 0.17037037037037037
0 0.11574074074074074 0.6018518518518519 0.13148148148148148 0.31296296296296294
0 0.1310185185185185 0.6597222222222222 0.14027777777777778 0.18796296296296297
0 0.5527777777777778 0.3537037037037037 0.10185185185185185 0.1574074074074074
0 0.7731481481481481 0.34305555555555556 0.10092592592592593 0.12129629629629629
0 0.5819444444444445 0.12962962962962962 0.03009259259259259 0.09444444444444444
0 0.6157407407407407 0.12268518518518519 0.05555555555555555 0.08796296296296297
0 0.6828703703703703 0.16805555555555557 0.0837962962962963 0.041666666666666664
0 0.7861111111111111 0.18564814814814815 0.09305555555555556 0.11388888888888889
0 0.7375 0.16203703703703703 0.03333333333333333 0.09074074074074075