0 0.6032407407407407 0.5208333333333334 0.2152777777777778 0.2675925925925926
0 0.40879629629629627 0.4597222222222222 0.19027777777777777 0.21203703703703702
0 0.575462962962963 0.3421296296296296 0.14537037037037037 0.12685185185185185
0 0.5157407407407407 0.39814814814814814 0.11157407407407408 0.07777777777777778
0 0.45601851851851855 0.3282407407407407 0.08472222222222223 0.10092592592592593
0 0.412962962962963 0.2708333333333333 0.11157407407407408 0.15462962962962962
0 0.38657407407407407 0.14629629629629629 0.10185185185185185 0.05925925925925926
0 0.36018518518518516 0.12175925925925926 0.08703703703703704 0.075
0 0.28425925925925927 0.1550925925925926 0.04722222222222222 0.08055555555555556
0 0.20833333333333334 0.19953703703703704 0.09583333333333334 0.05462962962962963
0 0.23287037037037037 0.2972222222222222 0.12916666666666668 0.13333333333333333
0 0.29259259259259257 0.5689814814814815 0.1763888888888889 0.2564814814814815
0 0.21944444444444444 0.4398148148148148 0.07175925925925926 0.1685185185185185
0 0.85 0.675 0.18333333333333332 0.2833333333333333