0 0.628125 0.85859375 0.2765625 0.28046875
0 0.7390625 0.67109375 0.14140625 0.32890625
0 0.8453125 0.6859375 0.16796875 0.28515625
0 0.88359375 0.640625 0.13828125 0.28125
0 0.85546875 0.5515625 0.12109375 0.2765625
0 0.30234375 0.81171875 0.12890625 0.375
0 0.7125 0.40390625 0.15625 0.23046875
0 0.5828125 0.25390625 0.0703125 0.1953125
0 0.321875 0.4375 0.0921875 0.196875
0 0.22109375 0.48125 0.07109375 0.20390625
0 0.26953125 0.46171875 0.08203125 0.19375
0 0.19765625 0.2609375 0.0453125 0.17109375
0 0.28203125 0.17890625 0.0984375 0.06015625
0 0.36484375 0.1265625 0.090625 0.096875