0 0.43657407407407406 0.7240740740740741 0.14537037037037037 0.3351851851851852
0 0.37592592592592594 0.3435185185185185 0.0625 0.19444444444444445
0 0.18194444444444444 0.5990740740740741 0.1 0.17777777777777778
0 0.12824074074074074 0.611574074074074 0.17314814814814813 0.30648148148148147
0 0.6564814814814814 0.7287037037037037 0.1638888888888889 0.5148148148148148
0 0.6513888888888889 0.5083333333333333 0.18009259259259258 0.31666666666666665
0 0.5615740740740741 0.20694444444444443 0.0587962962962963 0.15462962962962962
0 0.5416666666666666 0.14814814814814814 0.055092592592592596 0.09444444444444444
0 0.6111111111111112 0.12685185185185185 0.06666666666666667 0.09074074074074075
0 0.7282407407407407 0.16296296296296298 0.04259259259259259 0.0962962962962963
0 0.7513888888888889 0.3125 0.12129629629629629 0.21388888888888888
0 0.7347222222222223 0.3375 0.1337962962962963 0.19907407407407407
0 0.7111111111111111 0.44166666666666665 0.21157407407407408 0.2222222222222222
0 0.2375 0.9282407407407407 0.10092592592592593 0.14166666666666666