0 0.290625 0.66640625 0.16953125 0.37421875
0 0.14140625 0.678125 0.16015625 0.29296875
0 0.7234375 0.628125 0.1484375 0.31640625
0 0.77578125 0.440625 0.08359375 0.16640625
0 0.5671875 0.346875 0.1359375 0.140625
0 0.42265625 0.35546875 0.14296875 0.14453125
0 0.4953125 0.4375 0.1625 0.15625
0 0.61328125 0.26015625 0.08125 0.18359375
0 0.54921875 0.14921875 0.04609375 0.11953125
0 0.6078125 0.11953125 0.07890625 0.096875
0 0.653125 0.1328125 0.08671875 0.0859375
0 0.77890625 0.21171875 0.11640625 0.1515625
0 0.69296875 0.16953125 0.0734375 0.0515625