0 0.20859375 0.2046875 0.08125 0.08125
0 0.3015625 0.17421875 0.0984375 0.05390625
0 0.35859375 0.11875 0.04453125 0.08671875
0 0.2296875 0.46875 0.090625 0.19609375
0 0.25625 0.69375 0.11484375 0.29609375
0 0.32890625 0.79609375 0.13515625 0.334375
0 0.68359375 0.478125 0.15703125 0.240625
0 0.7765625 0.60703125 0.1890625 0.1953125
0 0.409375 0.14609375 0.078125 0.1140625
0 0.4609375 0.16875 0.05625 0.0859375
0 0.78125 0.46875 0.06640625 0.17578125
0 0.87421875 0.63359375 0.121875 0.33671875
0 0.8453125 0.7015625 0.19453125 0.209375