0 0.35509259259259257 0.5888888888888889 0.21805555555555556 0.27037037037037037
0 0.42314814814814816 0.48703703703703705 0.20462962962962963 0.2111111111111111
0 0.624537037037037 0.7777777777777778 0.11574074074074074 0.4425925925925926
0 0.6805555555555556 0.899537037037037 0.20092592592592592 0.19907407407407407
0 0.7685185185185185 0.5648148148148148 0.11296296296296296 0.22037037037037038
0 0.8736111111111111 0.6717592592592593 0.10648148148148148 0.24722222222222223
0 0.8870370370370371 0.6175925925925926 0.11944444444444445 0.2777777777777778
0 0.4361111111111111 0.17314814814814813 0.07962962962962963 0.1425925925925926
0 0.3574074074074074 0.15787037037037038 0.08796296296296297 0.05462962962962963
0 0.2759259259259259 0.18194444444444444 0.09212962962962963 0.06018518518518518
0 0.22175925925925927 0.4824074074074074 0.07037037037037037 0.21296296296296297
0 0.2652777777777778 0.4513888888888889 0.06527777777777778 0.1787037037037037
0 0.32037037037037036 0.42268518518518516 0.08611111111111111 0.16203703703703703
0 0.3055555555555556 0.8212962962962963 0.13287037037037036 0.35555555555555557