0 0.5953703703703703 0.7851851851851852 0.2884259259259259 0.31851851851851853
0 0.3537037037037037 0.3143518518518518 0.12037037037037036 0.2212962962962963
0 0.27685185185185185 0.49166666666666664 0.12222222222222222 0.24814814814814815
0 0.15787037037037038 0.5902777777777778 0.06944444444444445 0.14537037037037037
0 0.49537037037037035 0.4587962962962963 0.16944444444444445 0.2490740740740741
0 0.5712962962962963 0.5175925925925926 0.18009259259259258 0.2777777777777778
0 0.7245370370370371 0.5773148148148148 0.14212962962962963 0.3472222222222222
0 0.5486111111111112 0.1648148148148148 0.06944444444444445 0.09259259259259259
0 0.5833333333333334 0.1439814814814815 0.07175925925925926 0.11944444444444445
0 0.6194444444444445 0.12685185185185185 0.06388888888888888 0.09444444444444444
0 0.7157407407407408 0.16296296296296298 0.0763888888888889 0.1
0 0.7851851851851852 0.18194444444444444 0.08888888888888889 0.11944444444444445
0 0.725462962962963 0.4425925925925926 0.14537037037037037 0.3055555555555556
0 0.37777777777777777 0.9050925925925926 0.1087962962962963 0.18796296296296297