0 0.6486111111111111 0.9009259259259259 0.24675925925925926 0.1962962962962963
0 0.7296296296296296 0.6708333333333333 0.13148148148148148 0.30833333333333335
0 0.8337962962962963 0.6722222222222223 0.18981481481481483 0.34444444444444444
0 0.8763888888888889 0.6462962962962963 0.13657407407407407 0.24814814814814815
0 0.7208333333333333 0.4726851851851852 0.19814814814814816 0.24351851851851852
0 0.7037037037037037 0.387037037037037 0.175 0.19814814814814816
0 0.34953703703703703 0.16527777777777777 0.09583333333333334 0.05277777777777778
0 0.2796296296296296 0.1865740740740741 0.09490740740740741 0.06388888888888888
0 0.21898148148148147 0.48333333333333334 0.06944444444444445 0.2
0 0.2569444444444444 0.45092592592592595 0.059722222222222225 0.15185185185185185
0 0.30694444444444446 0.38564814814814813 0.06111111111111111 0.10277777777777777
0 0.350462962962963 0.6351851851851852 0.27175925925925926 0.3962962962962963
0 0.3 0.8657407407407407 0.13842592592592592 0.26666666666666666
0 0.29953703703703705 0.5268518518518519 0.15185185185185185 0.32222222222222224