0 0.47129629629629627 0.5796296296296296 0.19490740740740742 0.31296296296296294
0 0.26666666666666666 0.9009259259259259 0.1 0.1962962962962963
0 0.18333333333333332 0.6949074074074074 0.21342592592592594 0.19166666666666668
0 0.13842592592592592 0.6532407407407408 0.15833333333333333 0.275
0 0.30925925925925923 0.4074074074074074 0.17453703703703705 0.22037037037037038
0 0.4212962962962963 0.3768518518518518 0.16157407407407406 0.1425925925925926
0 0.3976851851851852 0.29907407407407405 0.06111111111111111 0.07592592592592592
0 0.5069444444444444 0.19444444444444445 0.046296296296296294 0.15555555555555556
0 0.7759259259259259 0.4810185185185185 0.07453703703703704 0.19907407407407407
0 0.6731481481481482 0.4356481481481482 0.11944444444444445 0.21203703703703702
0 0.7203703703703703 0.48055555555555557 0.09490740740740741 0.2537037037037037
0 0.600925925925926 0.11990740740740741 0.08287037037037037 0.08796296296296297
0 0.6587962962962963 0.15555555555555556 0.05648148148148148 0.07592592592592592
0 0.6990740740740741 0.175 0.07407407407407407 0.07777777777777778
0 0.7828703703703703 0.2074074074074074 0.09953703703703703 0.07407407407407407