0 0.3425925925925926 0.7726851851851851 0.2587962962962963 0.3712962962962963
0 0.6648148148148149 0.7467592592592592 0.1712962962962963 0.44907407407407407
0 0.17592592592592593 0.712037037037037 0.1884259259259259 0.24074074074074073
0 0.1337962962962963 0.6388888888888888 0.15694444444444444 0.25925925925925924
0 0.5555555555555556 0.34953703703703703 0.10694444444444444 0.16018518518518518
0 0.6532407407407408 0.2689814814814815 0.0912037037037037 0.1787037037037037
0 0.774074074074074 0.34120370370370373 0.0962962962962963 0.1175925925925926
0 0.5504629629629629 0.15324074074074073 0.044444444444444446 0.12685185185185185
0 0.6013888888888889 0.11898148148148148 0.0587962962962963 0.08981481481481482
0 0.6453703703703704 0.12962962962962962 0.04675925925925926 0.08333333333333333
0 0.6824074074074075 0.1685185185185185 0.08425925925925926 0.046296296296296294
0 0.7444444444444445 0.1763888888888889 0.04861111111111111 0.1175925925925926
0 0.7944444444444444 0.15462962962962962 0.09027777777777778 0.07777777777777778
0 0.7851851851851852 0.21296296296296297 0.08842592592592592 0.053703703703703705