0 0.4097222222222222 0.26064814814814813 0.15648148148148147 0.14351851851851852
0 0.5115740740740741 0.23055555555555557 0.08888888888888889 0.1388888888888889
0 0.4634259259259259 0.35462962962962963 0.1388888888888889 0.17777777777777778
0 0.43194444444444446 0.5189814814814815 0.2212962962962963 0.18981481481481483
0 0.2800925925925926 0.46435185185185185 0.1712962962962963 0.20833333333333334
0 0.22824074074074074 0.3055555555555556 0.10740740740740741 0.06481481481481481
0 0.20879629629629629 0.4013888888888889 0.058333333333333334 0.16203703703703703
0 0.27870370370370373 0.37592592592592594 0.08842592592592592 0.15185185185185185
0 0.24814814814814815 0.649537037037037 0.09027777777777778 0.2564814814814815
0 0.3398148148148148 0.7138888888888889 0.125 0.3388888888888889
0 0.30925925925925923 0.8967592592592593 0.1337962962962963 0.20462962962962963
0 0.7064814814814815 0.6662037037037037 0.16018518518518518 0.3509259259259259
0 0.7439814814814815 0.5574074074074075 0.1587962962962963 0.1814814814814815
0 0.8611111111111112 0.6546296296296297 0.14444444444444443 0.2796296296296296