0 0.40546875 0.52890625 0.25546875 0.21796875
0 0.38828125 0.13203125 0.08125 0.08984375
0 0.43359375 0.21640625 0.06015625 0.18359375
0 0.19140625 0.19375 0.03515625 0.10859375
0 0.22890625 0.2875 0.11796875 0.084375
0 0.28828125 0.27578125 0.14765625 0.16015625
0 0.21328125 0.39140625 0.065625 0.15078125
0 0.3 0.44921875 0.19375 0.16640625
0 0.3671875 0.753125 0.35078125 0.3609375
0 0.30859375 0.89140625 0.13828125 0.215625
0 0.746875 0.58046875 0.14765625 0.23515625
0 0.83828125 0.60078125 0.10078125 0.18046875
0 0.2484375 0.6234375 0.08515625 0.3015625