0 0.64609375 0.83046875 0.16171875 0.33671875
0 0.8828125 0.65703125 0.146875 0.27578125
0 0.64609375 0.54296875 0.0984375 0.30078125
0 0.5296875 0.63359375 0.21640625 0.39375
0 0.3046875 0.659375 0.22421875 0.24140625
0 0.5953125 0.41875 0.1671875 0.21875
0 0.63828125 0.32109375 0.12578125 0.16171875
0 0.41015625 0.13828125 0.0546875 0.11796875
0 0.396875 0.3609375 0.0828125 0.22890625
0 0.215625 0.2015625 0.10078125 0.10078125
0 0.3703125 0.15390625 0.04140625 0.053125
0 0.2546875 0.41171875 0.16328125 0.1234375
0 0.3421875 0.38203125 0.06484375 0.13828125
0 0.27734375 0.49296875 0.19453125 0.165625