0 0.2884259259259259 0.6666666666666666 0.15925925925925927 0.37037037037037035
0 0.1398148148148148 0.6759259259259259 0.16018518518518518 0.29259259259259257
0 0.7287037037037037 0.6421296296296296 0.16712962962962963 0.3175925925925926
0 0.7754629629629629 0.44814814814814813 0.08472222222222223 0.17777777777777778
0 0.5092592592592593 0.42592592592592593 0.20046296296296295 0.14074074074074075
0 0.425 0.35694444444444445 0.15416666666666667 0.16018518518518518
0 0.5708333333333333 0.34444444444444444 0.13333333333333333 0.1388888888888889
0 0.6134259259259259 0.24675925925925926 0.11388888888888889 0.1824074074074074
0 0.5472222222222223 0.15231481481481482 0.05185185185185185 0.1175925925925926
0 0.6050925925925926 0.13842592592592592 0.08055555555555556 0.10648148148148148
0 0.7814814814814814 0.20925925925925926 0.11805555555555555 0.13148148148148148
0 0.6967592592592593 0.17916666666666667 0.07916666666666666 0.05648148148148148
0 0.6300925925925925 0.11666666666666667 0.055092592592592596 0.09259259259259259