0 0.5046296296296297 0.44537037037037036 0.17407407407407408 0.17222222222222222
0 0.7171296296296297 0.649074074074074 0.15185185185185185 0.37407407407407406
0 0.8564814814814815 0.675 0.1648148148148148 0.29074074074074074
0 0.27824074074074073 0.6296296296296297 0.15462962962962962 0.3277777777777778
0 0.22407407407407406 0.44722222222222224 0.08333333333333333 0.17222222222222222
0 0.34305555555555556 0.31296296296296294 0.1587962962962963 0.1814814814814815
0 0.3925925925925926 0.23842592592592593 0.06944444444444445 0.13055555555555556
0 0.4324074074074074 0.34305555555555556 0.12916666666666668 0.16018518518518518
0 0.5731481481481482 0.35185185185185186 0.15 0.15
0 0.45092592592592595 0.15324074074074073 0.055092592592592596 0.13796296296296295
0 0.387037037037037 0.125 0.07685185185185185 0.09259259259259259
0 0.2898148148148148 0.13472222222222222 0.08009259259259259 0.08425925925925926
0 0.3050925925925926 0.17731481481481481 0.08287037037037037 0.05277777777777778
0 0.21435185185185185 0.19675925925925927 0.08611111111111111 0.06018518518518518