0 0.34296875 0.83671875 0.27578125 0.325
0 0.54296875 0.90546875 0.16875 0.18828125
0 0.7140625 0.81328125 0.16171875 0.37109375
0 0.60234375 0.6609375 0.09609375 0.48984375
0 0.77890625 0.48203125 0.07265625 0.20625
0 0.72578125 0.4625 0.0921875 0.20625
0 0.6796875 0.43203125 0.08671875 0.18671875
0 0.64296875 0.2734375 0.0546875 0.17109375
0 0.63671875 0.13203125 0.04765625 0.096875
0 0.55 0.14296875 0.06328125 0.13359375
0 0.34296875 0.39140625 0.1546875 0.1640625
0 0.18515625 0.6390625 0.16484375 0.2359375
0 0.08984375 0.74296875 0.09765625 0.221875
0 0.08671875 0.58828125 0.0859375 0.14453125
0 0.2203125 0.503125 0.09453125 0.09609375