0 0.6518518518518519 0.812037037037037 0.09861111111111111 0.3388888888888889
0 0.23194444444444445 0.9398148148148148 0.16342592592592592 0.11851851851851852
0 0.20694444444444443 0.5662037037037037 0.11157407407407408 0.21388888888888888
0 0.14722222222222223 0.5675925925925925 0.08842592592592592 0.2833333333333333
0 0.09490740740740741 0.6268518518518519 0.1125 0.2833333333333333
0 0.7606481481481482 0.47129629629629627 0.10787037037037037 0.2
0 0.7430555555555556 0.6921296296296297 0.1037037037037037 0.30833333333333335
0 0.5430555555555555 0.20555555555555555 0.09027777777777778 0.1574074074074074
0 0.6134259259259259 0.1439814814814815 0.06712962962962964 0.10277777777777777
0 0.5925925925925926 0.10138888888888889 0.05277777777777778 0.05462962962962963
0 0.6990740740740741 0.1763888888888889 0.10277777777777777 0.062037037037037036
0 0.8060185185185185 0.19490740740740742 0.06296296296296296 0.11203703703703703
0 0.26805555555555555 0.5009259259259259 0.12083333333333333 0.1962962962962963