0 0.47265625 0.41953125 0.2046875 0.2359375
0 0.759375 0.571875 0.1375 0.2703125
0 0.63046875 0.3359375 0.16484375 0.18046875
0 0.42109375 0.5609375 0.22421875 0.209375
0 0.2515625 0.628125 0.13046875 0.309375
0 0.328125 0.8765625 0.0953125 0.24453125
0 0.22578125 0.259375 0.0828125 0.15703125
0 0.29375 0.25234375 0.05703125 0.18203125
0 0.37890625 0.1703125 0.10390625 0.12578125
0 0.4796875 0.275 0.1046875 0.14453125
0 0.3859375 0.103125 0.0296875 0.05625
0 0.328125 0.128125 0.04921875 0.0890625
0 0.27734375 0.15390625 0.05546875 0.09375
0 0.20703125 0.20703125 0.08671875 0.0640625