0 0.72265625 0.9078125 0.1203125 0.18203125
0 0.54140625 0.58125 0.12265625 0.34921875
0 0.72421875 0.55390625 0.22109375 0.2484375
0 0.884375 0.6671875 0.12578125 0.26796875
0 0.71484375 0.4 0.16171875 0.1703125
0 0.52421875 0.33203125 0.15859375 0.1359375
0 0.4046875 0.23359375 0.13828125 0.14296875
0 0.43828125 0.13203125 0.04921875 0.08984375
0 0.2921875 0.15390625 0.08671875 0.11171875
0 0.20625 0.178125 0.090625 0.11484375
0 0.20390625 0.2625 0.071875 0.17109375
0 0.28828125 0.50703125 0.1296875 0.28125
0 0.21484375 0.46953125 0.05703125 0.18125
0 0.28203125 0.684375 0.15390625 0.28671875
0 0.31796875 0.89375 0.11875 0.2109375