0 0.4527777777777778 0.8662037037037037 0.3592592592592593 0.2101851851851852
0 0.15185185185185185 0.6810185185185185 0.18333333333333332 0.2916666666666667
0 0.49722222222222223 0.5282407407407408 0.1259259259259259 0.2916666666666667
0 0.3814814814814815 0.38842592592592595 0.1300925925925926 0.22314814814814815
0 0.5162037037037037 0.4222222222222222 0.16620370370370371 0.12962962962962962
0 0.5375 0.34814814814814815 0.10185185185185185 0.1111111111111111
0 0.4449074074074074 0.32685185185185184 0.1162037037037037 0.1037037037037037
0 0.7768518518518519 0.4550925925925926 0.08148148148148149 0.21388888888888888
0 0.7907407407407407 0.32592592592592595 0.06805555555555555 0.09814814814814815
0 0.7402777777777778 0.17083333333333334 0.03518518518518519 0.12685185185185185
0 0.6861111111111111 0.16574074074074074 0.08333333333333333 0.07222222222222222
0 0.6064814814814815 0.14814814814814814 0.09444444444444444 0.05555555555555555
0 0.6162037037037037 0.10694444444444444 0.05324074074074074 0.05462962962962963
0 0.7925925925925926 0.2013888888888889 0.08425925925925926 0.05462962962962963