0 0.43425925925925923 0.4824074074074074 0.17037037037037037 0.24074074074074073
0 0.31851851851851853 0.7425925925925926 0.17222222222222222 0.40185185185185185
0 0.34814814814814815 0.9439814814814815 0.1125 0.11018518518518519
0 0.6736111111111112 0.7319444444444444 0.15324074074074073 0.5342592592592592
0 0.6273148148148148 0.3347222222222222 0.07546296296296297 0.20277777777777778
0 0.6050925925925926 0.125 0.07916666666666666 0.08148148148148149
0 0.799074074074074 0.1912037037037037 0.059722222222222225 0.09537037037037037
0 0.7685185185185185 0.2662037037037037 0.1287037037037037 0.1361111111111111
0 0.7893518518518519 0.4074074074074074 0.059722222222222225 0.18333333333333332
0 0.7277777777777777 0.37962962962962965 0.0824074074074074 0.13518518518518519
0 0.7162037037037037 0.48194444444444445 0.15185185185185185 0.24351851851851852
0 0.5842592592592593 0.512962962962963 0.19907407407407407 0.1425925925925926
0 0.18703703703703703 0.5875 0.10092592592592593 0.21388888888888888
0 0.10833333333333334 0.6574074074074074 0.08425925925925926 0.2388888888888889
0 0.10740740740740741 0.774537037037037 0.05416666666666667 0.15648148148148147