0 0.5 0.61953125 0.10234375 0.40703125
0 0.2765625 0.93046875 0.128125 0.13828125
0 0.7828125 0.4828125 0.06328125 0.2046875
0 0.78125 0.21015625 0.09765625 0.0703125
0 0.7296875 0.49296875 0.07578125 0.33046875
0 0.659375 0.43828125 0.08984375 0.20859375
0 0.66015625 0.1515625 0.05703125 0.06953125
0 0.6953125 0.16796875 0.0765625 0.07578125
0 0.6046875 0.12109375 0.06484375 0.08984375
0 0.55859375 0.159375 0.06171875 0.12421875
0 0.4734375 0.209375 0.1171875 0.14609375
0 0.42109375 0.3796875 0.165625 0.1390625
0 0.29453125 0.39296875 0.11875 0.25390625
0 0.103125 0.6859375 0.05703125 0.16484375
0 0.1390625 0.65703125 0.1609375 0.2765625