0 0.8476851851851852 0.674074074074074 0.1837962962962963 0.2814814814814815
0 0.4050925925925926 0.5143518518518518 0.17824074074074073 0.2490740740740741
0 0.47685185185185186 0.4078703703703704 0.1337962962962963 0.10833333333333334
0 0.5731481481481482 0.41805555555555557 0.11712962962962963 0.2175925925925926
0 0.6787037037037037 0.39490740740740743 0.08055555555555556 0.21203703703703702
0 0.5726851851851852 0.32175925925925924 0.14722222222222223 0.1175925925925926
0 0.45601851851851855 0.33564814814814814 0.10555555555555556 0.11388888888888889
0 0.49583333333333335 0.17731481481481481 0.06157407407407407 0.15648148148148147
0 0.24166666666666667 0.1648148148148148 0.075 0.09814814814814815
0 0.29907407407407405 0.12314814814814815 0.07037037037037037 0.06296296296296296
0 0.31851851851851853 0.16203703703703703 0.08888888888888889 0.06481481481481481
0 0.21481481481481482 0.20046296296296295 0.09907407407407408 0.05462962962962963
0 0.21666666666666667 0.34074074074074073 0.08842592592592592 0.11666666666666667
0 0.2212962962962963 0.45416666666666666 0.07685185185185185 0.2064814814814815