0 0.66640625 0.74609375 0.153125 0.38984375
0 0.17109375 0.59609375 0.08203125 0.175
0 0.121875 0.625 0.14921875 0.30703125
0 0.71484375 0.5015625 0.08125 0.334375
0 0.4421875 0.31171875 0.1 0.1734375
0 0.45390625 0.22578125 0.125 0.175
0 0.546875 0.1703125 0.06875 0.08515625
0 0.60078125 0.12890625 0.06484375 0.08203125
0 0.653125 0.13828125 0.03984375 0.11015625
0 0.7015625 0.1984375 0.084375 0.1359375
0 0.70546875 0.13125 0.06953125 0.075
0 0.76796875 0.20078125 0.04296875 0.140625
0 0.8109375 0.19765625 0.05234375 0.1046875
0 0.34296875 0.8953125 0.15546875 0.20703125