0 0.21640625 0.21171875 0.09765625 0.0703125
0 0.22890625 0.340625 0.1015625 0.121875
0 0.22890625 0.46484375 0.090625 0.21328125
0 0.70078125 0.72421875 0.14453125 0.484375
0 0.8953125 0.65703125 0.11484375 0.32578125
0 0.778125 0.48359375 0.18984375 0.278125
0 0.6078125 0.4265625 0.10078125 0.215625
0 0.47109375 0.44296875 0.18515625 0.1796875
0 0.46484375 0.34453125 0.11875 0.115625
0 0.37109375 0.33671875 0.15234375 0.2
0 0.43671875 0.1484375 0.0359375 0.121875
0 0.36796875 0.14609375 0.07578125 0.059375
0 0.26328125 0.15703125 0.05546875 0.1
0 0.31171875 0.1578125 0.0671875 0.06796875