0 0.31851851851851853 0.5402777777777777 0.22453703703703703 0.25462962962962965
0 0.1486111111111111 0.6791666666666667 0.17824074074074073 0.2824074074074074
0 0.6222222222222222 0.4935185185185185 0.11157407407407408 0.2611111111111111
0 0.5180555555555556 0.44305555555555554 0.1597222222222222 0.17314814814814813
0 0.5361111111111111 0.33935185185185185 0.11666666666666667 0.10648148148148148
0 0.40324074074074073 0.3819444444444444 0.07037037037037037 0.1398148148148148
0 0.29074074074074074 0.36157407407407405 0.12546296296296297 0.24166666666666667
0 0.7787037037037037 0.4601851851851852 0.07685185185185185 0.2074074074074074
0 0.7722222222222223 0.3282407407407407 0.1 0.08425925925925926
0 0.7898148148148149 0.19953703703703704 0.10138888888888889 0.1361111111111111
0 0.6791666666666667 0.17037037037037037 0.08333333333333333 0.05925925925925926
0 0.6393518518518518 0.12083333333333333 0.05138888888888889 0.08611111111111111
0 0.5902777777777778 0.12916666666666668 0.04722222222222222 0.09166666666666666