0 0.48671875 0.1890625 0.04375 0.171875
0 0.4109375 0.12890625 0.034375 0.103125
0 0.296875 0.15625 0.0953125 0.1
0 0.20234375 0.2609375 0.07109375 0.09140625
0 0.2265625 0.31875 0.1234375 0.08203125
0 0.2078125 0.41015625 0.05390625 0.19296875
0 0.26796875 0.38984375 0.075 0.15
0 0.28359375 0.47421875 0.159375 0.215625
0 0.42890625 0.52890625 0.21640625 0.1765625
0 0.36328125 0.6109375 0.20859375 0.18203125
0 0.2640625 0.70625 0.11953125 0.321875
0 0.3703125 0.81953125 0.20390625 0.359375
0 0.84140625 0.646875 0.19296875 0.25625
0 0.83125 0.71171875 0.19453125 0.2859375