0 0.6643518518518519 0.9148148148148149 0.2412037037037037 0.1685185185185185
0 0.7893518518518519 0.6152777777777778 0.08611111111111111 0.20277777777777778
0 0.9 0.7069444444444445 0.1175925925925926 0.2324074074074074
0 0.8675925925925926 0.5208333333333334 0.1685185185185185 0.275
0 0.45185185185185184 0.35185185185185186 0.09212962962962963 0.15555555555555556
0 0.31203703703703706 0.399537037037037 0.16157407407407406 0.19907407407407407
0 0.22037037037037038 0.44166666666666665 0.07777777777777778 0.24074074074074073
0 0.3148148148148148 0.22546296296296298 0.06018518518518518 0.16944444444444445
0 0.4050925925925926 0.12083333333333333 0.053703703703703705 0.09907407407407408
0 0.2074074074074074 0.22037037037037038 0.08333333333333333 0.14444444444444443
0 0.21574074074074073 0.3199074074074074 0.075 0.0712962962962963
0 0.22916666666666666 0.17037037037037037 0.07916666666666666 0.09259259259259259
0 0.26481481481481484 0.16018518518518518 0.07546296296296297 0.07962962962962963
0 0.3296296296296296 0.13148148148148148 0.0787037037037037 0.08333333333333333