0 0.703125 0.928125 0.1859375 0.14296875
0 0.26875 0.72734375 0.12265625 0.33984375
0 0.22265625 0.47890625 0.07421875 0.19140625
0 0.22421875 0.20625 0.084375 0.071875
0 0.2953125 0.16953125 0.06171875 0.071875
0 0.346875 0.1546875 0.0828125 0.06484375
0 0.70078125 0.66796875 0.16484375 0.2390625
0 0.8609375 0.6515625 0.15703125 0.28359375
0 0.61484375 0.33515625 0.071875 0.20390625
0 0.390625 0.35 0.1578125 0.190625
0 0.52265625 0.35390625 0.125 0.10625
0 0.4984375 0.24140625 0.1296875 0.1640625
0 0.5484375 0.21328125 0.09453125 0.13828125
0 0.2671875 0.453125 0.11015625 0.27890625
0 0.31171875 0.41796875 0.08046875 0.16171875