0 0.265625 0.90859375 0.11015625 0.18046875
0 0.6890625 0.890625 0.12578125 0.21796875
0 0.11484375 0.7078125 0.11796875 0.2140625
0 0.16171875 0.56328125 0.11640625 0.11484375
0 0.34375 0.40234375 0.1171875 0.1953125
0 0.48046875 0.33359375 0.16015625 0.128125
0 0.4203125 0.2609375 0.0890625 0.1515625
0 0.59609375 0.2296875 0.1390625 0.14453125
0 0.5859375 0.1296875 0.08984375 0.08359375
0 0.715625 0.18359375 0.04921875 0.11328125
0 0.68515625 0.14140625 0.08984375 0.0859375
0 0.78203125 0.471875 0.0625 0.18515625
0 0.7296875 0.46953125 0.08359375 0.29140625
0 0.65390625 0.49921875 0.08125 0.3515625
0 0.7203125 0.68359375 0.1484375 0.290625