0 0.3078125 0.790625 0.11015625 0.41640625
0 0.67109375 0.80859375 0.13828125 0.346875
0 0.2359375 0.48359375 0.08828125 0.2703125
0 0.196875 0.65390625 0.1328125 0.2109375
0 0.12109375 0.64375 0.13203125 0.34921875
0 0.53984375 0.171875 0.06328125 0.0859375
0 0.58359375 0.14609375 0.09765625 0.115625
0 0.6265625 0.11953125 0.04453125 0.075
0 0.69765625 0.17578125 0.10234375 0.06015625
0 0.7953125 0.20546875 0.0734375 0.078125
0 0.6796875 0.39453125 0.12109375 0.2015625
0 0.765625 0.46953125 0.09765625 0.1984375
0 0.73828125 0.69453125 0.1078125 0.28828125