0 0.38359375 0.42578125 0.171875 0.25703125
0 0.3140625 0.39765625 0.15546875 0.184375
0 0.52734375 0.23046875 0.10546875 0.1390625
0 0.43125 0.521875 0.1046875 0.2484375
0 0.584375 0.5421875 0.21484375 0.16796875
0 0.7125 0.4765625 0.1578125 0.21015625
0 0.79296875 0.4109375 0.05234375 0.18984375
0 0.740625 0.39296875 0.06484375 0.16796875
0 0.67578125 0.63671875 0.25390625 0.23515625
0 0.37109375 0.7578125 0.2546875 0.25625
0 0.6875 0.84296875 0.18203125 0.31171875
0 0.16875 0.56953125 0.07265625 0.13203125
0 0.10390625 0.7609375 0.05859375 0.16328125
0 0.1 0.6765625 0.08203125 0.203125