0 0.51484375 0.77109375 0.11640625 0.45625
0 0.78984375 0.47734375 0.04765625 0.18828125
0 0.73671875 0.58984375 0.10234375 0.3515625
0 0.48046875 0.35546875 0.16171875 0.1140625
0 0.2390625 0.93984375 0.08984375 0.11875
0 0.10546875 0.7125 0.0609375 0.203125
0 0.13828125 0.6515625 0.159375 0.28203125
0 0.38671875 0.3765625 0.10859375 0.171875
0 0.4546875 0.2234375 0.06953125 0.15546875
0 0.59296875 0.128125 0.05234375 0.1
0 0.63203125 0.140625 0.03359375 0.103125
0 0.66328125 0.159375 0.04921875 0.06484375
0 0.69609375 0.16796875 0.07734375 0.07421875
0 0.78359375 0.21015625 0.09609375 0.06875
0 0.67265625 0.4390625 0.12421875 0.2140625