0 0.6453703703703704 0.6694444444444444 0.3055555555555556 0.32592592592592595
0 0.5986111111111111 0.5120370370370371 0.09907407407407408 0.4203703703703704
0 0.6763888888888889 0.4337962962962963 0.09444444444444444 0.18981481481481483
0 0.7305555555555555 0.45787037037037037 0.0824074074074074 0.1935185185185185
0 0.7796296296296297 0.48657407407407405 0.07037037037037037 0.20092592592592592
0 0.7055555555555556 0.8004629629629629 0.14027777777777778 0.3972222222222222
0 0.3416666666666667 0.5402777777777777 0.16666666666666666 0.2361111111111111
0 0.2847222222222222 0.4546296296296296 0.10462962962962963 0.1962962962962963
0 0.2833333333333333 0.6527777777777778 0.18518518518518517 0.28703703703703703
0 0.13240740740740742 0.6541666666666667 0.1300925925925926 0.30648148148148147
0 0.11481481481481481 0.611574074074074 0.12638888888888888 0.28425925925925927
0 0.5611111111111111 0.1824074074074074 0.05740740740740741 0.1425925925925926
0 0.6453703703703704 0.16527777777777777 0.09027777777777778 0.05277777777777778
0 0.7212962962962963 0.18888888888888888 0.09722222222222222 0.06851851851851852