0 0.3763888888888889 0.5064814814814815 0.2074074074074074 0.23148148148148148
0 0.5851851851851851 0.5347222222222222 0.22685185185185186 0.16018518518518518
0 0.3300925925925926 0.39861111111111114 0.10648148148148148 0.17685185185185184
0 0.23425925925925925 0.5814814814814815 0.10833333333333334 0.2388888888888889
0 0.6898148148148148 0.8916666666666667 0.1287037037037037 0.21481481481481482
0 0.7412037037037037 0.6259259259259259 0.13148148148148148 0.3148148148148148
0 0.7787037037037037 0.27361111111111114 0.07083333333333333 0.14907407407407408
0 0.6217592592592592 0.19027777777777777 0.09351851851851851 0.13796296296296295
0 0.6106481481481482 0.1087962962962963 0.05694444444444444 0.062037037037037036
0 0.6611111111111111 0.11898148148148148 0.053703703703703705 0.06759259259259259
0 0.8041666666666667 0.21342592592592594 0.07824074074074074 0.12685185185185185
0 0.737037037037037 0.1726851851851852 0.05462962962962963 0.14722222222222223
0 0.6907407407407408 0.1439814814814815 0.04953703703703704 0.09166666666666666