0 0.2462962962962963 0.9208333333333333 0.10416666666666667 0.15648148148148147
0 0.5314814814814814 0.6111111111111112 0.23796296296296296 0.25925925925925924
0 0.7300925925925926 0.6527777777777778 0.09351851851851851 0.40925925925925927
0 0.7842592592592592 0.4847222222222222 0.05740740740740741 0.20092592592592592
0 0.6759259259259259 0.43657407407407406 0.12037037037037036 0.21203703703703702
0 0.31527777777777777 0.4074074074074074 0.1550925925925926 0.21481481481481482
0 0.4203703703703704 0.3763888888888889 0.16574074074074074 0.13055555555555556
0 0.3814814814814815 0.30277777777777776 0.14444444444444443 0.13333333333333333
0 0.17222222222222222 0.6833333333333333 0.19027777777777777 0.17777777777777778
0 0.13657407407407407 0.6518518518518519 0.15555555555555556 0.2814814814814815
0 0.5115740740740741 0.19583333333333333 0.05092592592592592 0.16203703703703703
0 0.6027777777777777 0.13657407407407407 0.09814814814814815 0.09722222222222222
0 0.6657407407407407 0.15694444444444444 0.04212962962962963 0.06018518518518518
0 0.6995370370370371 0.17083333333333334 0.07407407407407407 0.07314814814814814
0 0.7842592592592592 0.2101851851851852 0.0962962962962963 0.07407407407407407