0 0.3287037037037037 0.8324074074074074 0.1300925925925926 0.32407407407407407
0 0.6796296296296296 0.6787037037037037 0.12361111111111112 0.4537037037037037
0 0.8398148148148148 0.6361111111111111 0.16296296296296298 0.29074074074074074
0 0.8731481481481481 0.6356481481481482 0.14629629629629629 0.2953703703703704
0 0.7939814814814815 0.4486111111111111 0.09537037037037037 0.16944444444444445
0 0.4527777777777778 0.16111111111111112 0.07407407407407407 0.10740740740740741
0 0.30324074074074076 0.1736111111111111 0.10740740740740741 0.0712962962962963
0 0.20462962962962963 0.19768518518518519 0.08333333333333333 0.07314814814814814
0 0.2662037037037037 0.31805555555555554 0.12453703703703704 0.15462962962962962
0 0.31203703703703706 0.41064814814814815 0.09675925925925925 0.2638888888888889
0 0.21944444444444444 0.47175925925925927 0.07314814814814814 0.20277777777777778
0 0.30833333333333335 0.575 0.1259259259259259 0.23703703703703705
0 0.2569444444444444 0.6944444444444444 0.10925925925925926 0.3074074074074074
0 0.774074074074074 0.6462962962962963 0.09305555555555556 0.18888888888888888