0 0.61875 0.82890625 0.2296875 0.340625
0 0.6140625 0.69921875 0.27109375 0.2109375
0 0.2421875 0.62734375 0.16796875 0.22109375
0 0.22578125 0.53046875 0.21875 0.18671875
0 0.109375 0.66171875 0.10703125 0.31328125
0 0.21328125 0.4234375 0.14453125 0.1390625
0 0.3515625 0.4140625 0.10546875 0.209375
0 0.6046875 0.128125 0.08828125 0.0796875
0 0.64375 0.34375 0.10078125 0.1953125
0 0.69921875 0.171875 0.1 0.05390625
0 0.79375 0.20625 0.0765625 0.08515625
0 0.78046875 0.48046875 0.07265625 0.225
0 0.7171875 0.45078125 0.10703125 0.18125
0 0.7015625 0.38984375 0.10390625 0.16875