0 0.36435185185185187 0.8564814814814815 0.18703703703703703 0.2851851851851852
0 0.6180555555555556 0.8324074074074074 0.225 0.3333333333333333
0 0.6083333333333333 0.7046296296296296 0.2601851851851852 0.22407407407407406
0 0.2490740740740741 0.5986111111111111 0.1398148148148148 0.3435185185185185
0 0.11481481481481481 0.663425925925926 0.16944444444444445 0.23981481481481481
0 0.6953703703703704 0.5666666666666667 0.2013888888888889 0.3148148148148148
0 0.6416666666666667 0.3189814814814815 0.10833333333333334 0.19537037037037036
0 0.6148148148148148 0.12916666666666668 0.0875 0.09166666666666666
0 0.7652777777777777 0.45231481481481484 0.10648148148148148 0.19722222222222222
0 0.7175925925925926 0.3902777777777778 0.0875 0.15648148148148147
0 0.6814814814814815 0.36666666666666664 0.08425925925925926 0.12777777777777777
0 0.7643518518518518 0.28055555555555556 0.12037037037037036 0.22037037037037038
0 0.7875 0.20462962962962963 0.08333333333333333 0.08148148148148149
0 0.6953703703703704 0.16944444444444445 0.08472222222222223 0.05740740740740741