0 0.678125 0.91171875 0.2171875 0.175
0 0.5828125 0.38125 0.1671875 0.13984375
0 0.7125 0.4296875 0.12109375 0.228125
0 0.82421875 0.50546875 0.13125 0.315625
0 0.89375 0.715625 0.06640625 0.21640625
0 0.22578125 0.484375 0.08125 0.209375
0 0.3265625 0.43515625 0.1140625 0.2109375
0 0.25703125 0.37578125 0.06484375 0.22890625
0 0.2234375 0.2125 0.125 0.14921875
0 0.43828125 0.16484375 0.09765625 0.109375
0 0.40078125 0.1125 0.07109375 0.08203125
0 0.34296875 0.15703125 0.06796875 0.07890625
0 0.30859375 0.16953125 0.06171875 0.0765625