0 0.70234375 0.92578125 0.19296875 0.14609375
0 0.7046875 0.696875 0.1546875 0.290625
0 0.8625 0.65390625 0.16171875 0.29453125
0 0.26796875 0.72421875 0.12265625 0.33359375
0 0.21875 0.4765625 0.06484375 0.18671875
0 0.26015625 0.453125 0.09609375 0.2953125
0 0.3109375 0.425 0.08359375 0.1796875
0 0.509375 0.35625 0.146875 0.10625
0 0.70859375 0.38515625 0.153125 0.2390625
0 0.6046875 0.3171875 0.05078125 0.196875
0 0.50078125 0.23671875 0.13046875 0.13125
0 0.3453125 0.15546875 0.07421875 0.07109375
0 0.303125 0.1671875 0.06171875 0.07109375
0 0.25546875 0.18671875 0.04453125 0.11640625
0 0.2171875 0.2078125 0.0578125 0.0640625