0 0.6402777777777777 0.8148148148148148 0.2601851851851852 0.3685185185185185
0 0.387037037037037 0.8375 0.23055555555555557 0.32314814814814813
0 0.38333333333333336 0.687037037037037 0.2740740740740741 0.25925925925925924
0 0.7736111111111111 0.549537037037037 0.1550925925925926 0.21574074074074073
0 0.8245370370370371 0.5143518518518518 0.1625 0.30648148148148147
0 0.5 0.43842592592592594 0.15925925925925927 0.2638888888888889
0 0.4615740740740741 0.25462962962962965 0.04722222222222222 0.1388888888888889
0 0.3578703703703704 0.3300925925925926 0.0837962962962963 0.19537037037037036
0 0.3912037037037037 0.13472222222222222 0.07592592592592592 0.075
0 0.30462962962962964 0.17083333333333334 0.09212962962962963 0.06388888888888888
0 0.2111111111111111 0.20092592592592592 0.08611111111111111 0.08703703703703704
0 0.23055555555555557 0.45185185185185184 0.09814814814814815 0.19814814814814816
0 0.30462962962962964 0.44166666666666665 0.12083333333333333 0.23148148148148148
0 0.31712962962962965 0.37453703703703706 0.09861111111111111 0.1527777777777778