0 0.15231481481481482 0.674074074074074 0.1837962962962963 0.2814814814814815
0 0.5949074074074074 0.5143518518518518 0.17824074074074073 0.2490740740740741
0 0.5231481481481481 0.4078703703703704 0.1337962962962963 0.10833333333333334
0 0.42685185185185187 0.41805555555555557 0.11712962962962963 0.2175925925925926
0 0.3212962962962963 0.39490740740740743 0.08055555555555556 0.21203703703703702
0 0.4273148148148148 0.32175925925925924 0.14722222222222223 0.1175925925925926
0 0.5439814814814815 0.33564814814814814 0.10555555555555556 0.11388888888888889
0 0.5041666666666667 0.17731481481481481 0.06157407407407407 0.15648148148148147
0 0.7583333333333333 0.1648148148148148 0.075 0.09814814814814815
0 0.700925925925926 0.12314814814814815 0.07037037037037037 0.06296296296296296
0 0.6814814814814815 0.16203703703703703 0.08888888888888889 0.06481481481481481
0 0.7851851851851852 0.20046296296296295 0.09907407407407408 0.05462962962962963
0 0.7833333333333333 0.34074074074074073 0.08842592592592592 0.11666666666666667
0 0.7787037037037037 0.45416666666666666 0.07685185185185185 0.2064814814814815