0 0.42890625 0.51875 0.22109375 0.18359375
0 0.6203125 0.33359375 0.07578125 0.26796875
0 0.69453125 0.37421875 0.11953125 0.16953125
0 0.74453125 0.584375 0.14921875 0.26328125
0 0.6203125 0.8734375 0.2453125 0.25078125
0 0.3046875 0.88828125 0.13359375 0.221875
0 0.26640625 0.62109375 0.10078125 0.31875
0 0.23984375 0.390625 0.11484375 0.1453125
0 0.2421875 0.29609375 0.14765625 0.09921875
0 0.4328125 0.15703125 0.0921875 0.13125
0 0.54140625 0.259375 0.153125 0.153125
0 0.21953125 0.18203125 0.09921875 0.096875
0 0.3078125 0.1765625 0.07890625 0.05625
0 0.3828125 0.1546875 0.07109375 0.04296875