0 0.375 0.86328125 0.26484375 0.26328125
0 0.2859375 0.94375 0.18203125 0.1109375
0 0.1984375 0.71640625 0.16328125 0.3390625
0 0.1359375 0.66875 0.15703125 0.33515625
0 0.10703125 0.6171875 0.12734375 0.32109375
0 0.67734375 0.69921875 0.23671875 0.28125
0 0.46484375 0.26875 0.07109375 0.1765625
0 0.69609375 0.47734375 0.19921875 0.2265625
0 0.73046875 0.403125 0.14609375 0.153125
0 0.60625 0.15 0.0828125 0.0484375
0 0.66640625 0.14375 0.05234375 0.1
0 0.76171875 0.28671875 0.128125 0.16171875
0 0.79375 0.20390625 0.0625 0.09296875
0 0.7484375 0.209375 0.08984375 0.0609375