0 0.5328703703703703 0.4337962962962963 0.19722222222222222 0.15462962962962962
0 0.32731481481481484 0.725925925925926 0.2962962962962963 0.2722222222222222
0 0.2273148148148148 0.5375 0.13472222222222222 0.175
0 0.10601851851851851 0.6305555555555555 0.11388888888888889 0.3592592592592593
0 0.775 0.4648148148148148 0.08333333333333333 0.21666666666666667
0 0.6694444444444444 0.39444444444444443 0.09722222222222222 0.20555555555555555
0 0.5333333333333333 0.3384259259259259 0.1175925925925926 0.10833333333333334
0 0.3907407407407407 0.4263888888888889 0.1050925925925926 0.21944444444444444
0 0.7722222222222223 0.35509259259259257 0.10324074074074074 0.14351851851851852
0 0.7847222222222222 0.22361111111111112 0.05324074074074074 0.15648148148148147
0 0.7263888888888889 0.15601851851851853 0.04537037037037037 0.10833333333333334
0 0.6861111111111111 0.15324074074074073 0.06111111111111111 0.0712962962962963
0 0.6259259259259259 0.14907407407407408 0.08796296296296297 0.05555555555555555
0 0.787962962962963 0.20462962962962963 0.08703703703703704 0.053703703703703705