0 0.39453125 0.30390625 0.08359375 0.2046875
0 0.5640625 0.52109375 0.2328125 0.18125
0 0.671875 0.14453125 0.08046875 0.096875
0 0.6078125 0.15703125 0.07578125 0.04453125
0 0.55625 0.16015625 0.040625 0.1296875
0 0.78984375 0.196875 0.09609375 0.10859375
0 0.7546875 0.29375 0.14140625 0.08828125
0 0.78515625 0.40390625 0.0703125 0.17890625
0 0.7328125 0.63359375 0.1078125 0.30703125
0 0.69609375 0.89609375 0.13828125 0.20625
0 0.25 0.5953125 0.12421875 0.26328125
0 0.134375 0.5984375 0.06015625 0.1515625