0 0.371875 0.85859375 0.2765625 0.28046875
0 0.2609375 0.67109375 0.14140625 0.32890625
0 0.1546875 0.6859375 0.16796875 0.28515625
0 0.11640625 0.640625 0.13828125 0.28125
0 0.14453125 0.5515625 0.12109375 0.2765625
0 0.69765625 0.81171875 0.12890625 0.375
0 0.2875 0.40390625 0.15625 0.23046875
0 0.4171875 0.25390625 0.0703125 0.1953125
0 0.678125 0.4375 0.0921875 0.196875
0 0.77890625 0.48125 0.07109375 0.20390625
0 0.73046875 0.46171875 0.08203125 0.19375
0 0.80234375 0.2609375 0.0453125 0.17109375
0 0.71796875 0.17890625 0.0984375 0.06015625
0 0.63515625 0.1265625 0.090625 0.096875