0 0.6484375 0.85703125 0.26953125 0.284375
0 0.646875 0.634375 0.2296875 0.30625
0 0.60703125 0.4875 0.134375 0.22109375
0 0.8515625 0.69453125 0.16875 0.2765625
0 0.88828125 0.62734375 0.1125 0.32109375
0 0.303125 0.81953125 0.1265625 0.35859375
0 0.22109375 0.48359375 0.07109375 0.20625
0 0.321875 0.4390625 0.09296875 0.20390625
0 0.26796875 0.4625 0.08046875 0.1953125
0 0.4640625 0.14765625 0.0609375 0.146875
0 0.38671875 0.1265625 0.05390625 0.0984375
0 0.3375 0.13359375 0.07421875 0.08359375
0 0.28359375 0.18515625 0.10078125 0.06328125
0 0.240625 0.19296875 0.0984375 0.0703125