0 0.33046875 0.89375 0.26015625 0.2109375
0 0.65546875 0.64609375 0.278125 0.38125
0 0.31171875 0.39296875 0.15234375 0.21640625
0 0.2734375 0.65625 0.1265625 0.3
0 0.165625 0.6859375 0.17890625 0.32421875
0 0.10625 0.65546875 0.12265625 0.23671875
0 0.18828125 0.49140625 0.10546875 0.22109375
0 0.69140625 0.51953125 0.21953125 0.35078125
0 0.7828125 0.4796875 0.06328125 0.19296875
0 0.7421875 0.41875 0.05546875 0.1140625
0 0.69453125 0.38671875 0.06328125 0.10078125
0 0.72109375 0.1859375 0.10234375 0.06328125
0 0.6484375 0.165625 0.09765625 0.05859375
0 0.70234375 0.8625 0.14296875 0.2734375