0 0.48842592592592593 0.275 0.1574074074074074 0.17037037037037037
0 0.3421296296296296 0.28564814814814815 0.1398148148148148 0.15462962962962962
0 0.38657407407407407 0.1310185185185185 0.06620370370370371 0.08981481481481482
0 0.42777777777777776 0.1361111111111111 0.044444444444444446 0.1111111111111111
0 0.19907407407407407 0.2351851851851852 0.055092592592592596 0.1425925925925926
0 0.20833333333333334 0.4 0.058333333333333334 0.15185185185185185
0 0.27314814814814814 0.3773148148148148 0.08472222222222223 0.125
0 0.27870370370370373 0.47685185185185186 0.1685185185185185 0.22407407407407406
0 0.4222222222222222 0.5180555555555556 0.225 0.14722222222222223
0 0.3680555555555556 0.7046296296296296 0.29259259259259257 0.26666666666666666
0 0.6638888888888889 0.7550925925925925 0.19953703703703704 0.3675925925925926
0 0.7509259259259259 0.9393518518518519 0.11203703703703703 0.11944444444444445
0 0.8212962962962963 0.5851851851851851 0.08148148148148149 0.17962962962962964
0 0.8935185185185185 0.7694444444444445 0.053703703703703705 0.1574074074074074
0 0.8944444444444445 0.6671296296296296 0.08194444444444444 0.23796296296296296