0 0.30859375 0.65234375 0.21328125 0.25625
0 0.4296875 0.896875 0.11640625 0.20390625
0 0.54375 0.83359375 0.1015625 0.33046875
0 0.7 0.89296875 0.22890625 0.21328125
0 0.8828125 0.6390625 0.19296875 0.2234375
0 0.4890625 0.5515625 0.1703125 0.28359375
0 0.4359375 0.365625 0.1140625 0.196875
0 0.28671875 0.490625 0.209375 0.178125
0 0.221875 0.38828125 0.10078125 0.1546875
0 0.3015625 0.37265625 0.09921875 0.0734375
0 0.3359375 0.36796875 0.05390625 0.10546875
0 0.26953125 0.1703125 0.05078125 0.13125
0 0.328125 0.146875 0.07265625 0.09609375
0 0.39375 0.13046875 0.0703125 0.09296875
0 0.4234375 0.14453125 0.11015625 0.11015625