0 0.4810185185185185 0.9120370370370371 0.20462962962962963 0.17407407407407408
0 0.6777777777777778 0.7643518518518518 0.19907407407407407 0.44351851851851853
0 0.9148148148148149 0.6597222222222222 0.08703703703703704 0.24166666666666667
0 0.6680555555555555 0.4 0.15046296296296297 0.17777777777777778
0 0.5782407407407407 0.3907407407407407 0.0587962962962963 0.2388888888888889
0 0.5097222222222222 0.2833333333333333 0.12222222222222222 0.19444444444444445
0 0.48055555555555557 0.16064814814814815 0.09583333333333334 0.15462962962962962
0 0.2800925925925926 0.16620370370370371 0.08888888888888889 0.1175925925925926
0 0.22083333333333333 0.4837962962962963 0.07314814814814814 0.2101851851851852
0 0.3611111111111111 0.49907407407407406 0.2050925925925926 0.22962962962962963
0 0.29074074074074074 0.8134259259259259 0.1587962962962963 0.3712962962962963
0 0.7833333333333333 0.5370370370370371 0.10833333333333334 0.15
0 0.8574074074074074 0.6 0.06388888888888888 0.14814814814814814
0 0.2611111111111111 0.46064814814814814 0.06157407407407407 0.19907407407407407
0 0.3055555555555556 0.387037037037037 0.062037037037037036 0.0962962962962963