0 0.6287037037037037 0.5324074074074074 0.11990740740740741 0.34444444444444444
0 0.6046296296296296 0.2898148148148148 0.08611111111111111 0.17222222222222222
0 0.3962962962962963 0.15046296296296297 0.09305555555555556 0.11388888888888889
0 0.40694444444444444 0.1527777777777778 0.06759259259259259 0.040740740740740744
0 0.3111111111111111 0.14814814814814814 0.0837962962962963 0.1
0 0.20972222222222223 0.20833333333333334 0.09166666666666666 0.04814814814814815
0 0.24212962962962964 0.28935185185185186 0.14444444444444443 0.09537037037037037
0 0.2152777777777778 0.4041666666666667 0.07314814814814814 0.18055555555555555
0 0.4356481481481482 0.5217592592592593 0.22546296296296298 0.18981481481481483
0 0.26805555555555555 0.6231481481481481 0.10740740740740741 0.30925925925925923
0 0.30833333333333335 0.8819444444444444 0.14074074074074075 0.23425925925925925
0 0.750462962962963 0.5921296296296297 0.12777777777777777 0.2675925925925926
0 0.8662037037037037 0.5972222222222222 0.06527777777777778 0.15555555555555556