0 0.3287037037037037 0.8106481481481481 0.13703703703703704 0.3435185185185185
0 0.2587962962962963 0.6935185185185185 0.11574074074074074 0.31666666666666665
0 0.23055555555555557 0.4773148148148148 0.09444444444444444 0.20462962962962963
0 0.7226851851851852 0.4388888888888889 0.16111111111111112 0.26666666666666666
0 0.7967592592592593 0.475 0.0787037037037037 0.18333333333333332
0 0.7763888888888889 0.6152777777777778 0.18194444444444444 0.20277777777777778
0 0.8490740740740741 0.687037037037037 0.20787037037037037 0.17037037037037037
0 0.8847222222222222 0.5745370370370371 0.10138888888888889 0.20092592592592592
0 0.46296296296296297 0.17546296296296296 0.06157407407407407 0.08425925925925926
0 0.4064814814814815 0.1476851851851852 0.075 0.11574074074074074
0 0.32685185185185184 0.2199074074074074 0.05324074074074074 0.1787037037037037
0 0.2800925925925926 0.18009259259259258 0.06481481481481481 0.05648148148148148
0 0.20972222222222223 0.20277777777777778 0.08703703703703704 0.08703703703703704