0 0.31484375 0.81640625 0.13984375 0.365625
0 0.14140625 0.65390625 0.12578125 0.36953125
0 0.69375 0.81328125 0.13046875 0.371875
0 0.55078125 0.65859375 0.17734375 0.4359375
0 0.78359375 0.48359375 0.06484375 0.20859375
0 0.74375 0.4140625 0.05390625 0.10390625
0 0.6921875 0.503125 0.1953125 0.33984375
0 0.76484375 0.29609375 0.1359375 0.17421875
0 0.5515625 0.16328125 0.0734375 0.090625
0 0.60546875 0.146875 0.08203125 0.06796875
0 0.64296875 0.1484375 0.06015625 0.07578125
0 0.678125 0.15625 0.06796875 0.0890625
0 0.71875 0.18828125 0.09296875 0.06953125
0 0.75859375 0.1921875 0.09296875 0.0765625