0 0.48703703703703705 0.18888888888888888 0.04351851851851852 0.17222222222222222
0 0.4111111111111111 0.12916666666666668 0.03425925925925926 0.10277777777777777
0 0.2967592592592593 0.15648148148148147 0.09537037037037037 0.1
0 0.2023148148148148 0.26064814814814813 0.0712962962962963 0.09166666666666666
0 0.2263888888888889 0.3189814814814815 0.12361111111111112 0.0824074074074074
0 0.20787037037037037 0.4101851851851852 0.05416666666666667 0.1925925925925926
0 0.26805555555555555 0.38981481481481484 0.075 0.15
0 0.28379629629629627 0.47453703703703703 0.15925925925925927 0.21574074074074073
0 0.4287037037037037 0.5291666666666667 0.2162037037037037 0.17685185185185184
0 0.362962962962963 0.6106481481481482 0.20833333333333334 0.1824074074074074
0 0.26435185185185184 0.7064814814814815 0.11944444444444445 0.32222222222222224
0 0.37037037037037035 0.8194444444444444 0.2037037037037037 0.3592592592592593
0 0.8416666666666667 0.6467592592592593 0.1925925925925926 0.2564814814814815
0 0.8310185185185185 0.711574074074074 0.19444444444444445 0.2861111111111111