0 0.6611111111111111 0.7361111111111112 0.21157407407407408 0.31296296296296294
0 0.7462962962962963 0.9388888888888889 0.11990740740740741 0.12037037037037036
0 0.8226851851851852 0.5824074074074074 0.08472222222222223 0.15185185185185185
0 0.899537037037037 0.6833333333333333 0.0787037037037037 0.20185185185185187
0 0.899537037037037 0.7666666666666667 0.05694444444444444 0.14629629629629629
0 0.42962962962962964 0.5254629629629629 0.22870370370370371 0.20277777777777778
0 0.2814814814814815 0.6625 0.12777777777777777 0.3212962962962963
0 0.40879629629629627 0.34074074074074073 0.11574074074074074 0.21851851851851853
0 0.38425925925925924 0.12129629629629629 0.075 0.1
0 0.42824074074074076 0.1439814814814815 0.05185185185185185 0.1175925925925926
0 0.22592592592592592 0.20277777777777778 0.12638888888888888 0.1537037037037037
0 0.2375 0.16296296296296298 0.1050925925925926 0.07962962962962963
0 0.20925925925925926 0.39537037037037037 0.05787037037037037 0.15
0 0.2740740740740741 0.3731481481481482 0.08333333333333333 0.11851851851851852
0 0.27870370370370373 0.45231481481481484 0.1685185185185185 0.1712962962962963