0 0.27546296296296297 0.4791666666666667 0.19675925925925927 0.1712962962962963
0 0.18564814814814815 0.5861111111111111 0.1087962962962963 0.20925925925925926
0 0.10694444444444444 0.6912037037037037 0.06388888888888888 0.2175925925925926
0 0.3523148148148148 0.9120370370370371 0.23472222222222222 0.17407407407407408
0 0.5287037037037037 0.8532407407407407 0.10138888888888889 0.2916666666666667
0 0.725925925925926 0.6069444444444444 0.18194444444444444 0.33055555555555555
0 0.5782407407407407 0.5648148148148148 0.2199074074074074 0.16666666666666666
0 0.5782407407407407 0.32083333333333336 0.12083333333333333 0.20833333333333334
0 0.5370370370370371 0.16111111111111112 0.06527777777777778 0.1259259259259259
0 0.6064814814814815 0.1310185185185185 0.08194444444444444 0.08425925925925926
0 0.7833333333333333 0.18611111111111112 0.10648148148148148 0.10185185185185185
0 0.7935185185185185 0.3925925925925926 0.050462962962962966 0.15185185185185185
0 0.7287037037037037 0.38472222222222224 0.07546296296296297 0.11944444444444445
0 0.6967592592592593 0.43703703703703706 0.12453703703703704 0.1425925925925926