0 0.6453125 0.66953125 0.30546875 0.32578125
0 0.5984375 0.51171875 0.09921875 0.4203125
0 0.6765625 0.43359375 0.09453125 0.18984375
0 0.73046875 0.4578125 0.08203125 0.19375
0 0.7796875 0.48671875 0.0703125 0.20078125
0 0.70546875 0.80078125 0.13984375 0.396875
0 0.34140625 0.540625 0.16640625 0.2359375
0 0.284375 0.4546875 0.1046875 0.19609375
0 0.28359375 0.653125 0.18515625 0.28671875
0 0.13203125 0.65390625 0.13046875 0.30625
0 0.11484375 0.61171875 0.1265625 0.284375
0 0.5609375 0.18203125 0.05703125 0.14296875
0 0.6453125 0.165625 0.08984375 0.053125
0 0.72109375 0.1890625 0.09765625 0.06875