0 0.62890625 0.53203125 0.11953125 0.34453125
0 0.6046875 0.28984375 0.0859375 0.171875
0 0.39609375 0.15078125 0.09296875 0.1140625
0 0.40703125 0.153125 0.06796875 0.040625
0 0.3109375 0.1484375 0.08359375 0.1
0 0.21015625 0.20859375 0.09140625 0.0484375
0 0.2421875 0.2890625 0.14453125 0.0953125
0 0.21484375 0.40390625 0.07265625 0.18046875
0 0.4359375 0.521875 0.22578125 0.18984375
0 0.26796875 0.6234375 0.10703125 0.309375
0 0.30859375 0.88203125 0.140625 0.234375
0 0.75 0.5921875 0.12734375 0.26796875
0 0.86640625 0.596875 0.06484375 0.15546875