0 0.58984375 0.2609375 0.15625 0.14375
0 0.48828125 0.23046875 0.0890625 0.1390625
0 0.53671875 0.3546875 0.1390625 0.178125
0 0.56796875 0.51875 0.22109375 0.18984375
0 0.7203125 0.4640625 0.17109375 0.20859375
0 0.771875 0.30546875 0.10703125 0.06484375
0 0.79140625 0.4015625 0.05859375 0.16171875
0 0.72109375 0.37578125 0.08828125 0.1515625
0 0.7515625 0.64921875 0.08984375 0.25625
0 0.66015625 0.7140625 0.125 0.3390625
0 0.690625 0.896875 0.13359375 0.2046875
0 0.29375 0.66640625 0.16015625 0.35078125
0 0.25625 0.55703125 0.15859375 0.18125
0 0.1390625 0.6546875 0.14453125 0.2796875