0 0.44212962962962965 0.36435185185185187 0.18472222222222223 0.1712962962962963
0 0.40370370370370373 0.537962962962963 0.11296296296296296 0.3537037037037037
0 0.29212962962962963 0.6805555555555556 0.15324074074074073 0.3277777777777778
0 0.19027777777777777 0.6037037037037037 0.07592592592592592 0.0962962962962963
0 0.1361111111111111 0.649074074074074 0.15416666666666667 0.2574074074074074
0 0.5680555555555555 0.8810185185185185 0.16944444444444445 0.2361111111111111
0 0.7078703703703704 0.4824074074074074 0.15462962962962962 0.25555555555555554
0 0.5861111111111111 0.5703703703703704 0.2300925925925926 0.1925925925925926
0 0.788425925925926 0.4125 0.06018518518518518 0.18611111111111112
0 0.7282407407407407 0.3763888888888889 0.0837962962962963 0.13055555555555556
0 0.6620370370370371 0.21898148148148147 0.15138888888888888 0.14722222222222223
0 0.5722222222222222 0.18981481481481483 0.10648148148148148 0.12962962962962962
0 0.5694444444444444 0.1111111111111111 0.040740740740740744 0.06481481481481481
0 0.5328703703703703 0.13055555555555556 0.04675925925925926 0.06296296296296296
0 0.4736111111111111 0.2212962962962963 0.06620370370370371 0.13333333333333333