0 0.375 0.928125 0.12421875 0.14296875
0 0.6375 0.91875 0.28125 0.1609375
0 0.2234375 0.48125 0.0765625 0.203125
0 0.26796875 0.4375 0.07578125 0.234375
0 0.33046875 0.4359375 0.1078125 0.20625
0 0.58359375 0.38125 0.16796875 0.1390625
0 0.4828125 0.203125 0.1140625 0.15625
0 0.7109375 0.3765625 0.1234375 0.26328125
0 0.89375 0.71640625 0.065625 0.21796875
0 0.21875 0.20859375 0.1 0.07421875
0 0.34140625 0.15390625 0.06640625 0.07890625
0 0.2921875 0.15703125 0.06953125 0.09140625
0 0.4140625 0.10234375 0.05234375 0.05859375
0 0.44140625 0.16015625 0.09296875 0.10703125
0 0.825 0.52421875 0.13125 0.225