0 0.2828125 0.384375 0.13515625 0.2765625
0 0.68828125 0.1390625 0.10078125 0.1015625
0 0.76015625 0.20390625 0.10703125 0.08203125
0 0.7921875 0.39921875 0.05546875 0.1609375
0 0.740625 0.37578125 0.05546875 0.11953125
0 0.7171875 0.471875 0.16171875 0.20546875
0 0.5859375 0.553125 0.20390625 0.20859375
0 0.40234375 0.53046875 0.1796875 0.21953125
0 0.69921875 0.65703125 0.08828125 0.2984375
0 0.59296875 0.9 0.34375 0.1984375
0 0.31640625 0.734375 0.1671875 0.46171875
0 0.2671875 0.59296875 0.12578125 0.25625
0 0.14453125 0.70390625 0.12890625 0.26796875
0 0.13203125 0.640625 0.13984375 0.25625