0 0.6390625 0.5140625 0.18203125 0.28125
0 0.3453125 0.68046875 0.2734375 0.3609375
0 0.278125 0.53125 0.15234375 0.309375
0 0.49765625 0.43046875 0.16171875 0.1390625
0 0.5671875 0.34765625 0.15546875 0.11953125
0 0.45 0.3484375 0.07890625 0.14296875
0 0.8484375 0.67421875 0.18203125 0.28515625
0 0.221875 0.446875 0.07734375 0.18359375
0 0.21953125 0.309375 0.10859375 0.15859375
0 0.26171875 0.2140625 0.06953125 0.16015625
0 0.27421875 0.1515625 0.04453125 0.08359375
0 0.3171875 0.13828125 0.0703125 0.0890625
0 0.39375 0.14921875 0.0859375 0.06171875
0 0.20546875 0.2015625 0.07109375 0.05859375