0 0.290625 0.1515625 0.09296875 0.11015625
0 0.43046875 0.14375 0.03828125 0.1203125
0 0.465625 0.16328125 0.040625 0.14453125
0 0.578125 0.30078125 0.08359375 0.175
0 0.60078125 0.46171875 0.20859375 0.19453125
0 0.671875 0.67109375 0.1890625 0.35
0 0.328125 0.7734375 0.22109375 0.45078125
0 0.31953125 0.62578125 0.24453125 0.3296875
0 0.84375 0.64921875 0.1921875 0.2515625
0 0.83359375 0.71328125 0.18125 0.28671875
0 0.2078125 0.42109375 0.05703125 0.20390625
0 0.26328125 0.39296875 0.07421875 0.16171875
0 0.3 0.43515625 0.13359375 0.1390625
0 0.4328125 0.54453125 0.1875 0.19140625