0 0.38125 0.803125 0.1984375 0.39296875
0 0.61484375 0.82890625 0.23984375 0.33984375
0 0.2453125 0.5609375 0.1046875 0.35390625
0 0.13046875 0.68125 0.1625 0.23984375
0 0.10625 0.6 0.1359375 0.25546875
0 0.70390625 0.5515625 0.23359375 0.25703125
0 0.64375 0.321875 0.1078125 0.18125
0 0.60859375 0.13046875 0.0859375 0.08515625
0 0.69375 0.17109375 0.0890625 0.05703125
0 0.78984375 0.2 0.08828125 0.090625
0 0.76796875 0.43046875 0.1015625 0.153125
0 0.61328125 0.70703125 0.265625 0.23671875
0 0.7125 0.39453125 0.0875 0.15
0 0.684375 0.365625 0.0921875 0.128125