0 0.625 0.928125 0.12421875 0.14296875
0 0.3625 0.91875 0.28125 0.1609375
0 0.7765625 0.48125 0.0765625 0.203125
0 0.73203125 0.4375 0.07578125 0.234375
0 0.66953125 0.4359375 0.1078125 0.20625
0 0.41640625 0.38125 0.16796875 0.1390625
0 0.5171875 0.203125 0.1140625 0.15625
0 0.2890625 0.3765625 0.1234375 0.26328125
0 0.10625 0.71640625 0.065625 0.21796875
0 0.78125 0.20859375 0.1 0.07421875
0 0.65859375 0.15390625 0.06640625 0.07890625
0 0.7078125 0.15703125 0.06953125 0.09140625
0 0.5859375 0.10234375 0.05234375 0.05859375
0 0.55859375 0.16015625 0.09296875 0.10703125
0 0.175 0.52421875 0.13125 0.225