0 0.34629629629629627 0.9092592592592592 0.25277777777777777 0.17962962962962964
0 0.7550925925925925 0.5805555555555556 0.08657407407407407 0.40185185185185185
0 0.549074074074074 0.3509259259259259 0.09537037037037037 0.14814814814814814
0 0.24027777777777778 0.6601851851851852 0.11527777777777778 0.35555555555555557
0 0.15092592592592594 0.6768518518518518 0.12361111111111112 0.3537037037037037
0 0.1162037037037037 0.6231481481481481 0.11527777777777778 0.37777777777777777
0 0.6884259259259259 0.17222222222222222 0.07916666666666666 0.04814814814814815
0 0.6421296296296296 0.13287037037037036 0.08287037037037037 0.08611111111111111
0 0.6018518518518519 0.11666666666666667 0.07962962962962963 0.09074074074074075
0 0.7824074074074074 0.19583333333333333 0.1050925925925926 0.11944444444444445
0 0.7416666666666667 0.13935185185185187 0.04490740740740741 0.05462962962962963
0 0.7481481481481481 0.36666666666666664 0.06759259259259259 0.12962962962962962
0 0.7953703703703704 0.3337962962962963 0.05324074074074074 0.09537037037037037