0 0.7175925925925926 0.9101851851851852 0.13148148148148148 0.17777777777777778
0 0.8111111111111111 0.5962962962962963 0.10833333333333334 0.25
0 0.8842592592592593 0.7458333333333333 0.11574074074074074 0.19722222222222222
0 0.30925925925925923 0.6222222222222222 0.13472222222222222 0.28703703703703703
0 0.4222222222222222 0.43657407407407406 0.18888888888888888 0.2361111111111111
0 0.21574074074074073 0.4828703703703704 0.07083333333333333 0.23055555555555557
0 0.4962962962962963 0.3541666666666667 0.09537037037037037 0.15092592592592594
0 0.45416666666666666 0.2824074074074074 0.08333333333333333 0.13703703703703704
0 0.45925925925925926 0.16296296296296298 0.06527777777777778 0.10925925925925926
0 0.39814814814814814 0.12777777777777777 0.07962962962962963 0.09444444444444444
0 0.3296296296296296 0.16018518518518518 0.11527777777777778 0.11851851851851852
0 0.18703703703703703 0.18425925925925926 0.03287037037037037 0.08888888888888889
0 0.21342592592592594 0.1814814814814815 0.029166666666666667 0.09444444444444444