0 0.6699074074074074 0.8935185185185185 0.2601851851851852 0.2111111111111111
0 0.34444444444444444 0.6462962962962963 0.27824074074074073 0.3814814814814815
0 0.6884259259259259 0.3925925925925926 0.15185185185185185 0.21666666666666667
0 0.7263888888888889 0.6564814814814814 0.12638888888888888 0.3
0 0.8347222222222223 0.6861111111111111 0.1787037037037037 0.32407407407407407
0 0.8939814814814815 0.6555555555555556 0.12222222222222222 0.23703703703703705
0 0.8115740740740741 0.4912037037037037 0.1050925925925926 0.2212962962962963
0 0.30833333333333335 0.5199074074074074 0.2199074074074074 0.3509259259259259
0 0.21712962962962962 0.47962962962962963 0.06296296296296296 0.1925925925925926
0 0.25787037037037036 0.41898148148148145 0.05555555555555555 0.11388888888888889
0 0.3055555555555556 0.38657407407407407 0.06342592592592593 0.10092592592592593
0 0.27870370370370373 0.18611111111111112 0.10185185185185185 0.06296296296296296
0 0.35138888888888886 0.16527777777777777 0.09722222222222222 0.058333333333333334
0 0.29814814814814816 0.8625 0.1425925925925926 0.27314814814814814