0 0.2800925925925926 0.5226851851851851 0.1884259259259259 0.2953703703703704
0 0.5217592592592593 0.5120370370370371 0.1824074074074074 0.30185185185185187
0 0.7486111111111111 0.4444444444444444 0.15138888888888888 0.24074074074074073
0 0.8546296296296296 0.5638888888888889 0.08472222222222223 0.16111111111111112
0 0.9009259259259259 0.7296296296296296 0.0763888888888889 0.17037037037037037
0 0.5365740740740741 0.41944444444444445 0.19027777777777777 0.18333333333333332
0 0.43796296296296294 0.2935185185185185 0.14444444444444443 0.10740740740740741
0 0.21157407407407408 0.4537037037037037 0.05740740740740741 0.1648148148148148
0 0.3662037037037037 0.1925925925925926 0.11574074074074074 0.13518518518518519
0 0.4587962962962963 0.18333333333333332 0.09537037037037037 0.1425925925925926
0 0.33287037037037037 0.14305555555555555 0.08148148148148149 0.10648148148148148
0 0.7263888888888889 0.9236111111111112 0.13333333333333333 0.15092592592592594
0 0.4898148148148148 0.37777777777777777 0.13657407407407407 0.14074074074074075