0 0.20833333333333334 0.3300925925925926 0.06342592592592593 0.09166666666666666
0 0.2513888888888889 0.38796296296296295 0.05324074074074074 0.19074074074074074
0 0.449537037037037 0.3509259259259259 0.10138888888888889 0.1537037037037037
0 0.6078703703703704 0.8305555555555556 0.15046296296296297 0.337037037037037
0 0.7662037037037037 0.6259259259259259 0.11990740740740741 0.2351851851851852
0 0.8592592592592593 0.687962962962963 0.1259259259259259 0.337037037037037
0 0.8787037037037037 0.5944444444444444 0.1300925925925926 0.3277777777777778
0 0.4740740740740741 0.17037037037037037 0.06157407407407407 0.13333333333333333
0 0.4 0.12083333333333333 0.07916666666666666 0.09166666666666666
0 0.35462962962962963 0.12731481481481483 0.0625 0.0712962962962963
0 0.32037037037037036 0.1638888888888889 0.075 0.05
0 0.22407407407407406 0.18518518518518517 0.08611111111111111 0.1111111111111111
0 0.18888888888888888 0.17685185185185184 0.046296296296296294 0.08703703703703704
0 0.26944444444444443 0.15231481481481482 0.04259259259259259 0.08796296296296297