0 0.7152777777777778 0.9138888888888889 0.12916666666666668 0.17037037037037037
0 0.8240740740740741 0.5231481481481481 0.15138888888888888 0.21296296296296297
0 0.8328703703703704 0.6416666666666667 0.14444444444444443 0.18888888888888888
0 0.9037037037037037 0.7490740740740741 0.07962962962962963 0.1962962962962963
0 0.27824074074074073 0.6337962962962963 0.18518518518518517 0.2490740740740741
0 0.4837962962962963 0.36342592592592593 0.10972222222222222 0.16944444444444445
0 0.4564814814814815 0.2828703703703704 0.08518518518518518 0.13796296296296295
0 0.46064814814814814 0.1675925925925926 0.06111111111111111 0.09259259259259259
0 0.3902777777777778 0.12453703703703704 0.09907407407407408 0.09166666666666666
0 0.3013888888888889 0.14305555555555555 0.08287037037037037 0.09722222222222222
0 0.2212962962962963 0.1814814814814815 0.06111111111111111 0.09259259259259259
0 0.25277777777777777 0.3060185185185185 0.13148148148148148 0.13055555555555556
0 0.31805555555555554 0.40555555555555556 0.10277777777777777 0.2574074074074074
0 0.21435185185185185 0.4486111111111111 0.06296296296296296 0.15833333333333333