0 0.2484375 0.57265625 0.15234375 0.24375
0 0.21328125 0.4703125 0.11640625 0.3
0 0.4671875 0.41328125 0.1765625 0.146875
0 0.52890625 0.253125 0.05546875 0.19296875
0 0.3421875 0.903125 0.22421875 0.19296875
0 0.57109375 0.53203125 0.20859375 0.153125
0 0.71640625 0.659375 0.1078125 0.3984375
0 0.7734375 0.61640625 0.07890625 0.28046875
0 0.75234375 0.35 0.14296875 0.21640625
0 0.78515625 0.209375 0.08828125 0.08125
0 0.703125 0.15859375 0.06484375 0.103125
0 0.615625 0.1578125 0.06015625 0.046875
0 0.59609375 0.14296875 0.065625 0.10546875