0 0.625 0.3490740740740741 0.14074074074074075 0.18703703703703703
0 0.6921296296296297 0.4986111111111111 0.12314814814814815 0.26944444444444443
0 0.425462962962963 0.549074074074074 0.22824074074074074 0.2074074074074074
0 0.28379629629629627 0.4638888888888889 0.1648148148148148 0.19444444444444445
0 0.21481481481481482 0.2587962962962963 0.09953703703703703 0.1398148148148148
0 0.20925925925925926 0.19675925925925927 0.09259259259259259 0.10462962962962963
0 0.20601851851851852 0.4 0.05138888888888889 0.16296296296296298
0 0.26342592592592595 0.37407407407407406 0.06018518518518518 0.12407407407407407
0 0.2537037037037037 0.6407407407407407 0.11481481481481481 0.26666666666666666
0 0.35555555555555557 0.8810185185185185 0.16342592592592592 0.2361111111111111
0 0.6365740740740741 0.9143518518518519 0.31851851851851853 0.16944444444444445
0 0.7662037037037037 0.5939814814814814 0.09814814814814815 0.24722222222222223
0 0.8652777777777778 0.6564814814814814 0.14305555555555555 0.2796296296296296
0 0.888425925925926 0.6560185185185186 0.059722222222222225 0.13240740740740742