0 0.63828125 0.9171875 0.14453125 0.1640625
0 0.84453125 0.61875 0.18828125 0.303125
0 0.265625 0.69296875 0.121875 0.303125
0 0.3125 0.89609375 0.1328125 0.20625
0 0.21640625 0.46953125 0.0625 0.190625
0 0.284375 0.5109375 0.08125 0.25546875
0 0.4765625 0.34140625 0.17421875 0.196875
0 0.4109375 0.2375 0.12265625 0.13828125
0 0.4421875 0.1515625 0.05859375 0.11796875
0 0.3890625 0.1234375 0.0671875 0.08828125
0 0.2640625 0.19375 0.09765625 0.0734375
0 0.5578125 0.325 0.03046875 0.09453125
0 0.51171875 0.27578125 0.07265625 0.071875