0 0.7453125 0.65078125 0.12890625 0.39140625
0 0.86796875 0.64296875 0.14453125 0.25859375
0 0.85234375 0.69296875 0.14140625 0.27421875
0 0.61953125 0.89453125 0.18984375 0.20859375
0 0.36953125 0.8265625 0.20390625 0.3453125
0 0.25 0.6953125 0.1140625 0.29609375
0 0.42421875 0.515625 0.22734375 0.16328125
0 0.44140625 0.25 0.11796875 0.21328125
0 0.2796875 0.39296875 0.09453125 0.1359375
0 0.31484375 0.46796875 0.19140625 0.13515625
0 0.36328125 0.59921875 0.22890625 0.17109375
0 0.20625 0.4 0.05859375 0.1796875
0 0.2578125 0.16796875 0.09296875 0.10625
0 0.20859375 0.2515625 0.078125 0.09609375
0 0.2171875 0.3109375 0.11328125 0.065625