0 0.325 0.8 0.2359375 0.3984375
0 0.19609375 0.553125 0.14375 0.2046875
0 0.1171875 0.59453125 0.090625 0.215625
0 0.3765625 0.315625 0.15546875 0.1765625
0 0.5046875 0.41328125 0.12265625 0.24375
0 0.69296875 0.315625 0.1171875 0.20859375
0 0.56640625 0.14375 0.08828125 0.115625
0 0.69453125 0.1734375 0.10234375 0.05625
0 0.79609375 0.20546875 0.078125 0.08125
0 0.78125 0.465625 0.07109375 0.19296875
0 0.6953125 0.565625 0.12734375 0.25625
0 0.66015625 0.81640625 0.16328125 0.365625
0 0.7421875 0.6890625 0.10546875 0.31171875
0 0.16640625 0.696875 0.16328125 0.18828125