0 0.7111111111111111 0.37407407407407406 0.14907407407407408 0.26296296296296295
0 0.8435185185185186 0.6291666666666667 0.1912037037037037 0.22870370370370371
0 0.8384259259259259 0.687962962962963 0.1574074074074074 0.2611111111111111
0 0.6148148148148148 0.8888888888888888 0.19537037037037036 0.22037037037037038
0 0.3685185185185185 0.8226851851851852 0.19305555555555556 0.3527777777777778
0 0.24953703703703703 0.6953703703703704 0.10833333333333334 0.3148148148148148
0 0.3699074074074074 0.6194444444444445 0.21203703703703702 0.1814814814814815
0 0.42824074074074076 0.524074074074074 0.2162037037037037 0.16296296296296298
0 0.31527777777777777 0.48009259259259257 0.1912037037037037 0.14537037037037037
0 0.20925925925925926 0.4125 0.06620370370370371 0.19537037037037036
0 0.27870370370370373 0.39444444444444443 0.09166666666666666 0.14629629629629629
0 0.20601851851851852 0.25 0.07037037037037037 0.07407407407407407
0 0.22407407407407406 0.3226851851851852 0.09814814814814815 0.0787037037037037
0 0.25925925925925924 0.16712962962962963 0.10648148148148148 0.11018518518518519