0 0.7222222222222222 0.3902777777777778 0.11944444444444445 0.2490740740740741
0 0.6995370370370371 0.6189814814814815 0.14212962962962963 0.39351851851851855
0 0.8462962962962963 0.649074074074074 0.18703703703703703 0.26666666666666666
0 0.8430555555555556 0.7060185185185185 0.16157407407407406 0.2935185185185185
0 0.35138888888888886 0.16666666666666666 0.10648148148148148 0.07222222222222222
0 0.2037037037037037 0.24675925925925926 0.06759259259259259 0.09351851851851851
0 0.2222222222222222 0.31574074074074077 0.10694444444444444 0.09074074074074075
0 0.2074074074074074 0.40324074074074073 0.05925925925925926 0.16944444444444445
0 0.2657407407407407 0.38472222222222224 0.07037037037037037 0.14166666666666666
0 0.28703703703703703 0.45740740740740743 0.15833333333333333 0.18888888888888888
0 0.42962962962962964 0.5319444444444444 0.225 0.20462962962962963
0 0.35648148148148145 0.6023148148148149 0.22361111111111112 0.21203703703703702
0 0.2662037037037037 0.687962962962963 0.14537037037037037 0.32222222222222224
0 0.36944444444444446 0.8148148148148148 0.2064814814814815 0.3685185185185185