0 0.7078703703703704 0.4166666666666667 0.19490740740740742 0.18518518518518517
0 0.5537037037037037 0.27037037037037037 0.05324074074074074 0.17037037037037037
0 0.4810185185185185 0.16944444444444445 0.05277777777777778 0.15185185185185185
0 0.4300925925925926 0.14305555555555555 0.038425925925925926 0.125
0 0.2828703703703704 0.20555555555555555 0.06666666666666667 0.16111111111111112
0 0.4597222222222222 0.38425925925925924 0.14074074074074075 0.25
0 0.3435185185185185 0.6337962962962963 0.2865740740740741 0.39166666666666666
0 0.2902777777777778 0.47824074074074074 0.1527777777777778 0.2361111111111111
0 0.2101851851851852 0.41435185185185186 0.05694444444444444 0.18981481481481483
0 0.26990740740740743 0.4009259259259259 0.08287037037037037 0.17037037037037037
0 0.6962962962962963 0.6615740740740741 0.1736111111111111 0.33240740740740743
0 0.8226851851851852 0.6708333333333333 0.20046296296296295 0.3472222222222222
0 0.8699074074074075 0.6324074074074074 0.14444444444444443 0.2537037037037037
0 0.48935185185185187 0.5976851851851852 0.07546296296296297 0.1638888888888889