0 0.7129629629629629 0.812962962962963 0.15648148148148147 0.3685185185185185
0 0.5986111111111111 0.7851851851851852 0.3680555555555556 0.26666666666666666
0 0.27361111111111114 0.8287037037037037 0.1587962962962963 0.34074074074074073
0 0.3138888888888889 0.4388888888888889 0.0837962962962963 0.20925925925925926
0 0.17314814814814813 0.7013888888888888 0.16666666666666666 0.32685185185185184
0 0.13240740740740742 0.6680555555555555 0.1337962962962963 0.2916666666666667
0 0.10601851851851851 0.5888888888888889 0.16203703703703703 0.22407407407407406
0 0.6013888888888889 0.12268518518518519 0.02962962962962963 0.08796296296296297
0 0.6518518518518519 0.15833333333333333 0.09305555555555556 0.044444444444444446
0 0.7199074074074074 0.18796296296296297 0.09722222222222222 0.05925925925925926
0 0.7828703703703703 0.4787037037037037 0.06527777777777778 0.19074074074074074
0 0.7430555555555556 0.42916666666666664 0.05138888888888889 0.11944444444444445
0 0.6865740740740741 0.38981481481481484 0.08009259259259259 0.10185185185185185
0 0.6916666666666667 0.5430555555555555 0.23333333333333334 0.2490740740740741