0 0.665625 0.91640625 0.25546875 0.16484375
0 0.884375 0.75078125 0.11953125 0.25078125
0 0.8921875 0.65390625 0.12421875 0.2109375
0 0.83046875 0.48671875 0.14375 0.196875
0 0.4515625 0.35234375 0.09296875 0.15078125
0 0.253125 0.5265625 0.09140625 0.29921875
0 0.27578125 0.3546875 0.05546875 0.171875
0 0.21640625 0.33046875 0.08046875 0.0984375
0 0.4171875 0.1140625 0.0625 0.090625
0 0.36171875 0.1265625 0.03515625 0.09375
0 0.31875 0.14453125 0.0515625 0.11328125
0 0.2203125 0.18359375 0.1046875 0.11796875
0 0.27734375 0.14140625 0.05078125 0.065625