0 0.2865740740740741 0.675 0.17314814814814813 0.37592592592592594
0 0.12962962962962962 0.6662037037037037 0.15694444444444444 0.26944444444444443
0 0.7731481481481481 0.4638888888888889 0.0912037037037037 0.21296296296296297
0 0.6555555555555556 0.33564814814814814 0.10185185185185185 0.18981481481481483
0 0.5342592592592592 0.33425925925925926 0.11712962962962963 0.10185185185185185
0 0.4111111111111111 0.41574074074074074 0.10138888888888889 0.20925925925925926
0 0.4013888888888889 0.3037037037037037 0.1375 0.17777777777777778
0 0.5453703703703704 0.43472222222222223 0.1912037037037037 0.16574074074074074
0 0.774537037037037 0.3365740740740741 0.09907407407407408 0.10462962962962963
0 0.7287037037037037 0.1597222222222222 0.04027777777777778 0.12314814814814815
0 0.6768518518518518 0.1638888888888889 0.0912037037037037 0.07037037037037037
0 0.6203703703703703 0.11018518518518519 0.05694444444444444 0.06851851851851852
0 0.5879629629629629 0.14166666666666666 0.08796296296296297 0.11666666666666667
0 0.7912037037037037 0.20787037037037037 0.09212962962962963 0.06574074074074074