0 0.74140625 0.93125 0.109375 0.1359375
0 0.3109375 0.896875 0.1296875 0.20390625
0 0.26328125 0.69375 0.11796875 0.30078125
0 0.28671875 0.51171875 0.08359375 0.25703125
0 0.21640625 0.4671875 0.065625 0.1859375
0 0.3375 0.25390625 0.1328125 0.13828125
0 0.41171875 0.37109375 0.1625 0.24140625
0 0.85703125 0.63515625 0.16484375 0.259375
0 0.61953125 0.34140625 0.078125 0.190625
0 0.53125 0.334375 0.12421875 0.20546875
0 0.85625 0.69765625 0.12734375 0.21953125
0 0.44765625 0.15078125 0.04375 0.1140625
0 0.39296875 0.12421875 0.07265625 0.09140625
0 0.2671875 0.18984375 0.09921875 0.06328125