0 0.5648148148148148 0.5222222222222223 0.225 0.18333333333333332
0 0.3680555555555556 0.47129629629629627 0.07546296296296297 0.24074074074074073
0 0.3587962962962963 0.9013888888888889 0.2513888888888889 0.19537037037037036
0 0.2412037037037037 0.5921296296296297 0.1287037037037037 0.25833333333333336
0 0.1300925925925926 0.6087962962962963 0.06481481481481481 0.16203703703703703
0 0.6074074074074074 0.15601851851851853 0.09722222222222222 0.05462962962962963
0 0.512962962962963 0.3587962962962963 0.1648148148148148 0.1638888888888889
0 0.6328703703703704 0.3731481481481482 0.08611111111111111 0.1425925925925926
0 0.7537037037037037 0.2912037037037037 0.14027777777777778 0.09166666666666666
0 0.7893518518518519 0.20694444444444443 0.08703703703703704 0.05092592592592592
0 0.7833333333333333 0.4023148148148148 0.07175925925925926 0.16574074074074074
0 0.7300925925925926 0.6291666666666667 0.1162037037037037 0.31203703703703706
0 0.6962962962962963 0.8912037037037037 0.13518518518518519 0.21574074074074073