0 0.28671875 0.90625 0.13515625 0.18515625
0 0.5921875 0.803125 0.3515625 0.30859375
0 0.70546875 0.80078125 0.15546875 0.39609375
0 0.45 0.5765625 0.203125 0.24296875
0 0.35703125 0.4 0.15078125 0.19453125
0 0.45546875 0.27578125 0.13359375 0.16171875
0 0.22890625 0.57421875 0.11796875 0.23125
0 0.1828125 0.49453125 0.1140625 0.15859375
0 0.11640625 0.6640625 0.134375 0.259375
0 0.778125 0.48359375 0.0703125 0.20078125
0 0.7265625 0.4625 0.08671875 0.19921875
0 0.68125 0.428125 0.08359375 0.17890625
0 0.64296875 0.1609375 0.09609375 0.06015625
0 0.7265625 0.18671875 0.08671875 0.06953125
0 0.5109375 0.91796875 0.10546875 0.16328125