0 0.65859375 0.9015625 0.22734375 0.19453125
0 0.89453125 0.68515625 0.08984375 0.2
0 0.7734375 0.63046875 0.0921875 0.25
0 0.709375 0.45859375 0.1578125 0.21015625
0 0.82265625 0.51328125 0.1078125 0.25859375
0 0.2703125 0.57578125 0.096875 0.4109375
0 0.45078125 0.3515625 0.09375 0.153125
0 0.21640625 0.40625 0.059375 0.246875
0 0.28984375 0.28671875 0.13515625 0.15625
0 0.39296875 0.11640625 0.09609375 0.08984375
0 0.3125 0.13984375 0.09765625 0.090625
0 0.24921875 0.1265625 0.02890625 0.07421875
0 0.2203125 0.2109375 0.11015625 0.1140625
0 0.2015625 0.17421875 0.0734375 0.10390625