0 0.64453125 0.63359375 0.24375 0.3609375
0 0.86171875 0.59375 0.07109375 0.13203125
0 0.89296875 0.5921875 0.16875 0.29140625
0 0.30625 0.81796875 0.13046875 0.36328125
0 0.46953125 0.21953125 0.06484375 0.17890625
0 0.25859375 0.43828125 0.06328125 0.1515625
0 0.34609375 0.4859375 0.20546875 0.2796875
0 0.21796875 0.48828125 0.06953125 0.21015625
0 0.44609375 0.13828125 0.04453125 0.1015625
0 0.3984375 0.14140625 0.09140625 0.06640625
0 0.28515625 0.18203125 0.103125 0.0609375
0 0.240625 0.19609375 0.09765625 0.07890625
0 0.3265625 0.15078125 0.07109375 0.06640625
0 0.35625 0.15078125 0.06015625 0.07890625