0 0.675 0.746875 0.1453125 0.4703125
0 0.434375 0.52109375 0.22109375 0.18203125
0 0.23984375 0.3984375 0.11171875 0.16484375
0 0.50546875 0.22734375 0.11953125 0.13828125
0 0.41875 0.14765625 0.09765625 0.10859375
0 0.29375 0.165625 0.0703125 0.115625
0 0.303125 0.17890625 0.0890625 0.05625
0 0.3625 0.15625 0.03203125 0.04453125
0 0.24453125 0.28671875 0.14921875 0.08359375
0 0.26640625 0.62578125 0.11015625 0.3015625
0 0.30703125 0.87890625 0.140625 0.240625
0 0.73984375 0.5765625 0.11015625 0.26328125
0 0.86015625 0.54140625 0.16171875 0.18515625
0 0.8875 0.62890625 0.07421875 0.13515625