0 0.5787037037037037 0.775 0.35138888888888886 0.25
0 0.712037037037037 0.8143518518518519 0.15046296296296297 0.36018518518518516
0 0.6537037037037037 0.6347222222222222 0.2152777777777778 0.4361111111111111
0 0.2851851851851852 0.6296296296296297 0.17824074074074073 0.37962962962962965
0 0.16620370370370371 0.6800925925925926 0.15925925925925927 0.30648148148148147
0 0.12037037037037036 0.6430555555555556 0.14583333333333334 0.25833333333333336
0 0.10925925925925926 0.6111111111111112 0.13333333333333333 0.26666666666666666
0 0.3074074074074074 0.45416666666666666 0.12638888888888888 0.18796296296296297
0 0.5967592592592592 0.12129629629629629 0.04351851851851852 0.09444444444444444
0 0.6449074074074074 0.15601851851851853 0.08796296296296297 0.049074074074074076
0 0.7185185185185186 0.18611111111111112 0.1 0.06481481481481481
0 0.7800925925925926 0.4847222222222222 0.06944444444444445 0.19907407407407407
0 0.7314814814814815 0.4615740740740741 0.08148148148148149 0.19722222222222222
0 0.6782407407407407 0.4310185185185185 0.09351851851851851 0.1824074074074074