0 0.5734375 0.90390625 0.1671875 0.18984375
0 0.51640625 0.796875 0.28671875 0.28828125
0 0.828125 0.58671875 0.0828125 0.15390625
0 0.88125 0.56875 0.17578125 0.23828125
0 0.6265625 0.34765625 0.0671875 0.20859375
0 0.3421875 0.621875 0.2796875 0.33125
0 0.3703125 0.43125 0.15703125 0.21953125
0 0.30859375 0.4140625 0.16015625 0.18515625
0 0.25625 0.36953125 0.14453125 0.2703125
0 0.23984375 0.2953125 0.14140625 0.18671875
0 0.40625 0.30078125 0.125 0.190625
0 0.44375 0.20859375 0.071875 0.16171875
0 0.45625 0.13984375 0.03984375 0.09609375
0 0.390625 0.1484375 0.08046875 0.05625
0 0.7578125 0.92578125 0.10078125 0.146875