0 0.4726851851851852 0.4199074074074074 0.20462962962962963 0.2361111111111111
0 0.7592592592592593 0.5722222222222222 0.1375 0.27037037037037037
0 0.6305555555555555 0.33564814814814814 0.1648148148148148 0.18055555555555555
0 0.4212962962962963 0.5611111111111111 0.22453703703703703 0.20925925925925926
0 0.2518518518518518 0.6277777777777778 0.13055555555555556 0.30925925925925923
0 0.3282407407407407 0.8768518518518519 0.09537037037037037 0.24444444444444444
0 0.22592592592592592 0.25925925925925924 0.08287037037037037 0.1574074074074074
0 0.2935185185185185 0.2523148148148148 0.05740740740740741 0.1824074074074074
0 0.3787037037037037 0.17037037037037037 0.1037037037037037 0.1259259259259259
0 0.48009259259259257 0.275 0.10462962962962963 0.14444444444444443
0 0.38564814814814813 0.10324074074074074 0.02962962962962963 0.05648148148148148
0 0.3282407407407407 0.12777777777777777 0.04953703703703704 0.08888888888888889
0 0.27685185185185185 0.15416666666666667 0.055092592592592596 0.09351851851851851
0 0.20694444444444443 0.20694444444444443 0.08657407407407407 0.06388888888888888