0 0.503125 0.209375 0.07265625 0.159375
0 0.5875 0.12890625 0.0421875 0.13046875
0 0.73984375 0.16328125 0.103125 0.121875
0 0.796875 0.2609375 0.0765625 0.0953125
0 0.77109375 0.3203125 0.11328125 0.07578125
0 0.78984375 0.4125 0.071875 0.196875
0 0.7328125 0.403125 0.06484375 0.1734375
0 0.69609375 0.428125 0.10234375 0.16953125
0 0.57265625 0.53359375 0.21953125 0.1796875
0 0.6390625 0.61875 0.21640625 0.215625
0 0.73828125 0.69140625 0.13046875 0.31875
0 0.63515625 0.8234375 0.203125 0.35078125
0 0.1609375 0.640625 0.1921875 0.25078125
0 0.16875 0.7015625 0.19609375 0.2703125