0 0.5768518518518518 0.8597222222222223 0.2814814814814815 0.27870370370370373
0 0.30694444444444446 0.9407407407407408 0.24027777777777778 0.11666666666666667
0 0.07592592592592592 0.6018518518518519 0.15092592592592594 0.1648148148148148
0 0.5587962962962963 0.5990740740740741 0.10324074074074074 0.3277777777777778
0 0.5472222222222223 0.35185185185185186 0.10416666666666667 0.18518518518518517
0 0.46064814814814814 0.23703703703703705 0.10138888888888889 0.1685185185185185
0 0.611574074074074 0.1300925925925926 0.06296296296296296 0.08796296296296297
0 0.6657407407407407 0.14629629629629629 0.06296296296296296 0.09074074074074075
0 0.7949074074074074 0.2759259259259259 0.04814814814814815 0.17962962962962964
0 0.7486111111111111 0.27314814814814814 0.06620370370370371 0.14629629629629629
0 0.7375 0.4115740740740741 0.1625 0.15462962962962962
0 0.7319444444444444 0.5990740740740741 0.13472222222222222 0.2777777777777778
0 0.700462962962963 0.524537037037037 0.13657407407407407 0.24166666666666667
0 0.6717592592592593 0.39166666666666666 0.10324074074074074 0.15