0 0.36018518518518516 0.8717592592592592 0.25462962962962965 0.25462962962962965
0 0.12824074074074074 0.6305555555555555 0.06851851851851852 0.14074074074074075
0 0.7087962962962963 0.8060185185185185 0.15925925925925927 0.33240740740740743
0 0.7240740740740741 0.538425925925926 0.16342592592592592 0.3416666666666667
0 0.7819444444444444 0.48333333333333334 0.06712962962962964 0.20925925925925926
0 0.7444444444444445 0.42453703703703705 0.05787037037037037 0.125
0 0.6981481481481482 0.30277777777777776 0.15 0.17592592592592593
0 0.5449074074074074 0.16712962962962963 0.06018518518518518 0.08425925925925926
0 0.5763888888888888 0.14675925925925926 0.05648148148148148 0.10833333333333334
0 0.6199074074074075 0.15 0.05092592592592592 0.05185185185185185
0 0.6462962962962963 0.1476851851851852 0.059722222222222225 0.07314814814814814
0 0.6777777777777778 0.15324074074074073 0.07546296296296297 0.07685185185185185
0 0.750462962962963 0.17731481481481481 0.055092592592592596 0.11203703703703703
0 0.7842592592592592 0.21342592592592594 0.10740740740740741 0.06388888888888888