0 0.625 0.34921875 0.140625 0.18671875
0 0.6921875 0.4984375 0.12265625 0.26953125
0 0.42578125 0.54921875 0.228125 0.20703125
0 0.28359375 0.4640625 0.16484375 0.19453125
0 0.21484375 0.25859375 0.09921875 0.13984375
0 0.209375 0.196875 0.09296875 0.1046875
0 0.20625 0.4 0.0515625 0.16328125
0 0.26328125 0.37421875 0.06015625 0.12421875
0 0.25390625 0.640625 0.11484375 0.26640625
0 0.35546875 0.88125 0.16328125 0.2359375
0 0.63671875 0.9140625 0.31875 0.16953125
0 0.76640625 0.59375 0.09765625 0.246875
0 0.865625 0.65625 0.14296875 0.2796875
0 0.88828125 0.65625 0.06015625 0.13203125