0 0.68203125 0.49609375 0.1390625 0.26796875
0 0.46328125 0.26015625 0.1421875 0.16484375
0 0.403125 0.12109375 0.10234375 0.09609375
0 0.20703125 0.41171875 0.05078125 0.19375
0 0.26171875 0.39296875 0.06328125 0.165625
0 0.28828125 0.4703125 0.15234375 0.23125
0 0.29453125 0.57265625 0.16484375 0.35625
0 0.4859375 0.56640625 0.1828125 0.321875
0 0.4421875 0.521875 0.18203125 0.15703125
0 0.3921875 0.7765625 0.3515625 0.259375
0 0.60546875 0.94453125 0.27421875 0.10859375
0 0.78046875 0.61875 0.17109375 0.19921875
0 0.86875 0.64296875 0.14140625 0.26015625
0 0.89453125 0.7640625 0.05703125 0.16015625