0 0.6356481481481482 0.6962962962962963 0.2986111111111111 0.3296296296296296
0 0.7078703703703704 0.8138888888888889 0.16296296296296298 0.37037037037037035
0 0.31342592592592594 0.9226851851851852 0.2828703703703704 0.1527777777777778
0 0.25972222222222224 0.6587962962962963 0.15648148148148147 0.3527777777777778
0 0.11944444444444445 0.6342592592592593 0.12638888888888888 0.31296296296296294
0 0.3287037037037037 0.5157407407407407 0.1763888888888889 0.22777777777777777
0 0.412962962962963 0.37962962962962965 0.1824074074074074 0.1925925925925926
0 0.5555555555555556 0.16018518518518518 0.07314814814814814 0.14074074074074075
0 0.6513888888888889 0.1648148148148148 0.10185185185185185 0.053703703703703705
0 0.7185185185185186 0.18981481481481483 0.10185185185185185 0.06666666666666667
0 0.7796296296296297 0.48055555555555557 0.07175925925925926 0.19814814814814816
0 0.7310185185185185 0.46296296296296297 0.08055555555555556 0.18703703703703703
0 0.6782407407407407 0.43148148148148147 0.09212962962962963 0.18518518518518517
0 0.1597222222222222 0.6134259259259259 0.0962962962962963 0.12129629629629629