0 0.36484375 0.875 0.14296875 0.2484375
0 0.7578125 0.57109375 0.14140625 0.2765625
0 0.43203125 0.51953125 0.234375 0.19296875
0 0.2515625 0.63046875 0.13046875 0.315625
0 0.2875 0.36875 0.13671875 0.215625
0 0.5421875 0.253125 0.06640625 0.1515625
0 0.43671875 0.1515625 0.071875 0.11796875
0 0.384375 0.12109375 0.03203125 0.09296875
0 0.296875 0.21796875 0.06015625 0.15703125
0 0.2421875 0.24140625 0.05078125 0.1140625
0 0.190625 0.28515625 0.0453125 0.190625
0 0.20859375 0.1625 0.08125 0.08203125
0 0.26953125 0.14921875 0.04296875 0.08125
0 0.31953125 0.1265625 0.0546875 0.08359375