0 0.8671875 0.58125 0.16328125 0.2796875
0 0.8765625 0.75546875 0.13828125 0.1953125
0 0.5296875 0.421875 0.19140625 0.19140625
0 0.715625 0.90859375 0.13046875 0.18046875
0 0.253125 0.584375 0.15859375 0.3515625
0 0.29140625 0.42734375 0.128125 0.2265625
0 0.3890625 0.3109375 0.07734375 0.240625
0 0.4546875 0.28046875 0.07578125 0.13203125
0 0.47734375 0.340625 0.09453125 0.11875
0 0.45703125 0.1734375 0.06796875 0.08046875
0 0.3890625 0.11953125 0.08359375 0.09140625
0 0.29765625 0.14609375 0.09765625 0.096875
0 0.2140625 0.18125 0.04375 0.09296875
0 0.2078125 0.4734375 0.05859375 0.20703125