0 0.32175925925925924 0.41944444444444445 0.11296296296296296 0.17777777777777778
0 0.2662037037037037 0.7212962962962963 0.11990740740740741 0.3333333333333333
0 0.6717592592592593 0.9101851851851852 0.22685185185185186 0.17777777777777778
0 0.7046296296296296 0.6643518518518519 0.16111111111111112 0.30277777777777776
0 0.8597222222222223 0.6509259259259259 0.15787037037037038 0.2851851851851852
0 0.6680555555555555 0.38842592592592595 0.18287037037037038 0.20833333333333334
0 0.22037037037037038 0.475 0.06851851851851852 0.19074074074074074
0 0.3435185185185185 0.2865740740740741 0.050462962962962966 0.18425925925925926
0 0.4439814814814815 0.28888888888888886 0.09027777777777778 0.21296296296296297
0 0.5092592592592593 0.35555555555555557 0.14675925925925926 0.1111111111111111
0 0.5722222222222222 0.24166666666666667 0.0699074074074074 0.11296296296296296
0 0.2763888888888889 0.49212962962962964 0.09907407407407408 0.2361111111111111
0 0.29814814814814816 0.16574074074074074 0.06944444444444445 0.07407407407407407
0 0.34444444444444444 0.16064814814814815 0.07314814814814814 0.05092592592592592
0 0.40694444444444444 0.1412037037037037 0.08518518518518518 0.10462962962962963