0 0.59609375 0.771875 0.27109375 0.31015625
0 0.15703125 0.596875 0.075 0.13125
0 0.71953125 0.61953125 0.10234375 0.4109375
0 0.6 0.54609375 0.18125 0.36796875
0 0.7203125 0.47109375 0.2015625 0.21015625
0 0.74140625 0.26484375 0.05546875 0.22421875
0 0.59453125 0.17109375 0.06171875 0.140625
0 0.54453125 0.1703125 0.06328125 0.078125
0 0.68046875 0.1359375 0.08125 0.08046875
0 0.78203125 0.20703125 0.06953125 0.14296875
0 0.2453125 0.9140625 0.13046875 0.1703125
0 0.65703125 0.15625 0.0453125 0.0484375
0 0.6265625 0.13125 0.0421875 0.075
0 0.765625 0.1765625 0.04140625 0.09375