0 0.6703125 0.8015625 0.23828125 0.39453125
0 0.7734375 0.65234375 0.11640625 0.1859375
0 0.87890625 0.65390625 0.1375 0.24375
0 0.62421875 0.49140625 0.17734375 0.3046875
0 0.6578125 0.36328125 0.15859375 0.18125
0 0.48359375 0.21875 0.05234375 0.18515625
0 0.415625 0.72265625 0.17109375 0.553125
0 0.32578125 0.81328125 0.1265625 0.37109375
0 0.259375 0.696875 0.10859375 0.3203125
0 0.303125 0.58046875 0.12109375 0.25078125
0 0.21953125 0.46171875 0.06796875 0.18125
0 0.2046875 0.2015625 0.07890625 0.08125
0 0.30234375 0.175 0.10078125 0.0609375
0 0.5953125 0.26328125 0.08828125 0.14453125