0 0.39490740740740743 0.30416666666666664 0.08333333333333333 0.20462962962962963
0 0.5643518518518519 0.5212962962962963 0.23287037037037037 0.1814814814814815
0 0.6722222222222223 0.1449074074074074 0.08055555555555556 0.09722222222222222
0 0.6074074074074074 0.1574074074074074 0.07546296296296297 0.044444444444444446
0 0.5564814814814815 0.16018518518518518 0.040740740740740744 0.12962962962962962
0 0.7898148148148149 0.19675925925925927 0.0962962962962963 0.10833333333333334
0 0.7550925925925925 0.29398148148148145 0.1412037037037037 0.08796296296296297
0 0.7851851851851852 0.4041666666666667 0.07037037037037037 0.1787037037037037
0 0.7324074074074074 0.6333333333333333 0.10787037037037037 0.3074074074074074
0 0.6958333333333333 0.8958333333333334 0.13842592592592592 0.2064814814814815
0 0.24953703703703703 0.5953703703703703 0.12453703703703704 0.26296296296296295
0 0.13425925925925927 0.5981481481481481 0.06018518518518518 0.15185185185185185