0 0.6592592592592592 0.8277777777777777 0.12222222222222222 0.3425925925925926
0 0.7388888888888889 0.6986111111111111 0.10416666666666667 0.3101851851851852
0 0.1962962962962963 0.6111111111111112 0.1925925925925926 0.26666666666666666
0 0.13425925925925927 0.6462962962962963 0.13194444444444445 0.35
0 0.09907407407407408 0.6148148148148148 0.1111111111111111 0.29074074074074074
0 0.24953703703703703 0.44027777777777777 0.14953703703703702 0.21388888888888888
0 0.6296296296296297 0.4337962962962963 0.19027777777777777 0.225
0 0.763425925925926 0.4703703703703704 0.10046296296296296 0.1925925925925926
0 0.7671296296296296 0.3013888888888889 0.13194444444444445 0.15092592592592594
0 0.5425925925925926 0.17037037037037037 0.06666666666666667 0.07962962962962963
0 0.5921296296296297 0.11990740740740741 0.05185185185185185 0.09351851851851851
0 0.6486111111111111 0.12314814814814815 0.08981481481481482 0.07222222222222222
0 0.6990740740740741 0.1726851851851852 0.09814814814814815 0.05648148148148148
0 0.7898148148148149 0.20324074074074075 0.08287037037037037 0.0787037037037037