0 0.43984375 0.61953125 0.10390625 0.4265625
0 0.59921875 0.7984375 0.29921875 0.3015625
0 0.34375 0.91171875 0.27265625 0.17421875
0 0.26796875 0.65390625 0.121875 0.334375
0 0.13359375 0.65 0.15546875 0.27421875
0 0.521875 0.2859375 0.09140625 0.18515625
0 0.5734375 0.3265625 0.14140625 0.2296875
0 0.5875 0.565625 0.21328125 0.175
0 0.7265625 0.4765625 0.18046875 0.2265625
0 0.609375 0.134375 0.09609375 0.08125
0 0.78046875 0.17421875 0.09375 0.09453125
0 0.79921875 0.2640625 0.0625 0.14609375
0 0.79140625 0.384375 0.0515625 0.1453125
0 0.7328125 0.3734375 0.07734375 0.11484375