0 0.3296875 0.81484375 0.13046875 0.359375
0 0.69609375 0.64609375 0.15625 0.378125
0 0.834375 0.634375 0.16015625 0.31015625
0 0.8765625 0.6234375 0.1390625 0.29140625
0 0.78984375 0.45078125 0.1 0.165625
0 0.4546875 0.16328125 0.07578125 0.1
0 0.36796875 0.38671875 0.0734375 0.20703125
0 0.2640625 0.35625 0.15234375 0.22578125
0 0.30234375 0.578125 0.11640625 0.2234375
0 0.24921875 0.68203125 0.1171875 0.325
0 0.2140625 0.46875 0.0578125 0.19609375
0 0.20390625 0.20078125 0.08203125 0.07890625
0 0.30234375 0.17109375 0.10625 0.0734375
0 0.796875 0.6140625 0.11796875 0.14140625