0 0.475 0.853125 0.14765625 0.29140625
0 0.3296875 0.8375 0.14140625 0.3234375
0 0.28125 0.6484375 0.1234375 0.29453125
0 0.11796875 0.64765625 0.15546875 0.28828125
0 0.22734375 0.5328125 0.09453125 0.146875
0 0.37578125 0.359375 0.18359375 0.24296875
0 0.69375 0.8171875 0.13203125 0.3640625
0 0.77890625 0.4828125 0.07421875 0.1953125
0 0.7453125 0.39609375 0.04921875 0.065625
0 0.68125 0.4265625 0.08359375 0.16796875
0 0.58828125 0.196875 0.0453125 0.1609375
0 0.5234375 0.19140625 0.0921875 0.1296875
0 0.59765625 0.12421875 0.1 0.09375
0 0.73828125 0.53046875 0.1703125 0.24453125
0 0.3078125 0.43203125 0.09296875 0.11796875