0 0.2671875 0.65390625 0.1078125 0.325
0 0.21484375 0.47421875 0.07109375 0.20703125
0 0.771875 0.53359375 0.0984375 0.2984375
0 0.85546875 0.65546875 0.09765625 0.3765625
0 0.9046875 0.634375 0.09140625 0.29921875
0 0.48828125 0.36796875 0.115625 0.15078125
0 0.52109375 0.2359375 0.07578125 0.175
0 0.46171875 0.28125 0.07265625 0.1296875
0 0.41328125 0.14609375 0.06484375 0.10859375
0 0.45390625 0.16640625 0.07265625 0.09140625
0 0.384375 0.15078125 0.06328125 0.04296875
0 0.29921875 0.178125 0.103125 0.05859375
0 0.3234375 0.153125 0.0921875 0.05390625