0 0.34140625 0.4140625 0.1734375 0.20859375
0 0.26328125 0.57265625 0.16171875 0.19140625
0 0.5890625 0.12109375 0.08984375 0.0984375
0 0.765625 0.30703125 0.13359375 0.0890625
0 0.79296875 0.40078125 0.05078125 0.16484375
0 0.73828125 0.3609375 0.06328125 0.15390625
0 0.7171875 0.4609375 0.1703125 0.18828125
0 0.75546875 0.63828125 0.0796875 0.2953125
0 0.56796875 0.521875 0.21953125 0.18203125
0 0.6859375 0.703125 0.1421875 0.33359375
0 0.6640625 0.87421875 0.10390625 0.24921875
0 0.353125 0.90703125 0.25078125 0.18359375
0 0.13671875 0.65234375 0.14921875 0.26953125
0 0.1015625 0.69140625 0.0640625 0.1515625