0 0.6640625 0.91484375 0.24140625 0.16875
0 0.7890625 0.615625 0.0859375 0.203125
0 0.9 0.70703125 0.11796875 0.23203125
0 0.86796875 0.52109375 0.16875 0.275
0 0.4515625 0.3515625 0.0921875 0.15546875
0 0.31171875 0.39921875 0.16171875 0.19921875
0 0.2203125 0.44140625 0.07734375 0.240625
0 0.31484375 0.22578125 0.06015625 0.16953125
0 0.4046875 0.12109375 0.05390625 0.09921875
0 0.20703125 0.2203125 0.08359375 0.14453125
0 0.215625 0.31953125 0.075 0.07109375
0 0.22890625 0.1703125 0.07890625 0.09296875
0 0.26484375 0.16015625 0.07578125 0.0796875
0 0.3296875 0.13125 0.07890625 0.08359375