0 0.2890625 0.37421875 0.14921875 0.26328125
0 0.15625 0.62890625 0.19140625 0.22890625
0 0.16171875 0.68828125 0.15703125 0.2609375
0 0.38515625 0.8890625 0.1953125 0.2203125
0 0.63125 0.82265625 0.19296875 0.353125
0 0.75078125 0.6953125 0.10859375 0.31484375
0 0.6296875 0.61953125 0.21171875 0.18125
0 0.571875 0.52421875 0.21640625 0.16328125
0 0.684375 0.48046875 0.19140625 0.1453125
0 0.790625 0.4125 0.06640625 0.1953125
0 0.72109375 0.39453125 0.09140625 0.14609375
0 0.79375 0.25 0.0703125 0.07421875
0 0.77578125 0.32265625 0.09765625 0.07890625
0 0.740625 0.1671875 0.10625 0.11015625