0 0.72421875 0.453125 0.11796875 0.2203125
0 0.415625 0.5703125 0.2265625 0.19453125
0 0.421875 0.87734375 0.21484375 0.24375
0 0.2921875 0.48203125 0.15546875 0.26171875
0 0.41953125 0.20859375 0.10234375 0.13046875
0 0.43046875 0.11953125 0.03515625 0.078125
0 0.478125 0.15703125 0.0515625 0.12109375
0 0.53046875 0.19609375 0.05390625 0.09140625
0 0.59609375 0.28671875 0.153125 0.18125
0 0.6046875 0.4578125 0.096875 0.30625
0 0.70625 0.68828125 0.15546875 0.3203125
0 0.209375 0.41484375 0.05703125 0.18671875
0 0.26640625 0.39140625 0.078125 0.16171875
0 0.865625 0.6484375 0.15703125 0.284375
0 0.81328125 0.59375 0.1046875 0.10078125