0 0.5328703703703703 0.6981481481481482 0.2550925925925926 0.4425925925925926
0 0.47453703703703703 0.6050925925925926 0.10324074074074074 0.30092592592592593
0 0.6689814814814815 0.5722222222222222 0.11527777777777778 0.4203703703703704
0 0.17314814814814813 0.5981481481481481 0.07962962962962963 0.18333333333333332
0 0.11342592592592593 0.6833333333333333 0.09814814814814815 0.362962962962963
0 0.4935185185185185 0.2763888888888889 0.125 0.16203703703703703
0 0.7194444444444444 0.4671296296296296 0.1763888888888889 0.30277777777777776
0 0.5481481481481482 0.1597222222222222 0.06620370370370371 0.06018518518518518
0 0.5148148148148148 0.19305555555555556 0.10740740740740741 0.1175925925925926
0 0.6050925925925926 0.12824074074074074 0.05185185185185185 0.10462962962962963
0 0.7 0.2439814814814815 0.1375 0.15833333333333333
0 0.7282407407407407 0.1439814814814815 0.04490740740740741 0.07314814814814814
0 0.7939814814814815 0.3125 0.06527777777777778 0.19166666666666668