0 0.6532407407407408 0.8384259259259259 0.2652777777777778 0.3212962962962963
0 0.4412037037037037 0.8527777777777777 0.1361111111111111 0.29259259259259257
0 0.29583333333333334 0.8087962962962963 0.14675925925925926 0.38055555555555554
0 0.35138888888888886 0.6708333333333333 0.2986111111111111 0.44537037037037036
0 0.225 0.48194444444444445 0.08148148148148149 0.2064814814814815
0 0.31296296296296294 0.43657407407407406 0.10324074074074074 0.19722222222222222
0 0.6648148148148149 0.3972222222222222 0.15324074074074073 0.18333333333333332
0 0.2611111111111111 0.14814814814814814 0.09490740740740741 0.10185185185185185
0 0.43333333333333335 0.1574074074074074 0.10740740740740741 0.13518518518518519
0 0.7888888888888889 0.5074074074074074 0.11527777777777778 0.09444444444444444
0 0.9120370370370371 0.7398148148148148 0.09027777777777778 0.22407407407407406
0 0.812037037037037 0.6430555555555556 0.16805555555555557 0.24722222222222223
0 0.9 0.5921296296296297 0.10740740740740741 0.14537037037037037
0 0.3972222222222222 0.13796296296296295 0.06111111111111111 0.0962962962962963
0 0.37175925925925923 0.13287037037037036 0.044444444444444446 0.09907407407407408