0 0.83046875 0.6765625 0.20703125 0.30625
0 0.503125 0.44765625 0.17734375 0.17109375
0 0.5734375 0.35625 0.15078125 0.1546875
0 0.33203125 0.3140625 0.13515625 0.19140625
0 0.39296875 0.265625 0.0671875 0.18671875
0 0.4515625 0.3484375 0.0953125 0.14609375
0 0.22265625 0.44140625 0.07890625 0.16015625
0 0.278125 0.634375 0.15390625 0.31484375
0 0.2125 0.20234375 0.08046875 0.06796875
0 0.27265625 0.1578125 0.05859375 0.1140625
0 0.31171875 0.171875 0.065625 0.05390625
0 0.38828125 0.125 0.08125 0.08671875
0 0.4484375 0.14609375 0.04140625 0.12578125