0 0.2828703703703704 0.38472222222222224 0.13518518518518519 0.27685185185185185
0 0.6884259259259259 0.1388888888888889 0.10046296296296296 0.10185185185185185
0 0.7601851851851852 0.20416666666666666 0.10740740740740741 0.0824074074074074
0 0.7925925925925926 0.3990740740740741 0.05555555555555555 0.16111111111111112
0 0.7407407407407407 0.37546296296296294 0.055092592592592596 0.11944444444444445
0 0.7175925925925926 0.4722222222222222 0.16203703703703703 0.20555555555555555
0 0.5856481481481481 0.5532407407407407 0.2037037037037037 0.20833333333333334
0 0.4023148148148148 0.5300925925925926 0.17962962962962964 0.21944444444444444
0 0.6995370370370371 0.6574074074074074 0.08842592592592592 0.29814814814814816
0 0.5925925925925926 0.9 0.3435185185185185 0.19814814814814816
0 0.3162037037037037 0.7347222222222223 0.16712962962962963 0.462037037037037
0 0.2671296296296296 0.5930555555555556 0.1259259259259259 0.2564814814814815
0 0.1449074074074074 0.7041666666666667 0.12916666666666668 0.2675925925925926
0 0.13194444444444445 0.6402777777777777 0.1398148148148148 0.2564814814814815