0 0.2712962962962963 0.48842592592592593 0.14953703703703702 0.22314814814814815
0 0.6101851851851852 0.12546296296296297 0.049074074074074076 0.10092592592592593
0 0.5708333333333333 0.14305555555555555 0.03425925925925926 0.13055555555555556
0 0.5333333333333333 0.1625 0.041666666666666664 0.13055555555555556
0 0.7902777777777777 0.4217592592592593 0.05925925925925926 0.20277777777777778
0 0.7337962962962963 0.41064814814814815 0.06712962962962964 0.21944444444444444
0 0.7356481481481482 0.549537037037037 0.11527777777777778 0.35833333333333334
0 0.6592592592592592 0.6439814814814815 0.21666666666666667 0.36944444444444446
0 0.5736111111111111 0.5435185185185185 0.22870370370370371 0.1574074074074074
0 0.5083333333333333 0.8685185185185185 0.1050925925925926 0.2611111111111111
0 0.3365740740740741 0.737037037037037 0.1925925925925926 0.412962962962963
0 0.1527777777777778 0.649537037037037 0.18333333333333332 0.27685185185185185
0 0.1736111111111111 0.7064814814814815 0.17777777777777778 0.29259259259259257
0 0.6712962962962963 0.4273148148148148 0.075 0.1287037037037037