0 0.41875 0.12890625 0.03203125 0.096875
0 0.45859375 0.159375 0.03984375 0.1203125
0 0.4875 0.20625 0.05 0.159375
0 0.209375 0.41640625 0.05703125 0.19609375
0 0.26328125 0.3921875 0.0734375 0.16015625
0 0.66796875 0.7609375 0.1953125 0.421875
0 0.40625 0.87109375 0.37734375 0.25625
0 0.38203125 0.69609375 0.33984375 0.35546875
0 0.26328125 0.56640625 0.09609375 0.32421875
0 0.36328125 0.5859375 0.1625 0.24375
0 0.4203125 0.55234375 0.22109375 0.17109375
0 0.321875 0.43828125 0.084375 0.15078125
0 0.84609375 0.63125 0.1875 0.26484375
0 0.825 0.69921875 0.18828125 0.2796875