0 0.6453125 0.5890625 0.21796875 0.2703125
0 0.5765625 0.48671875 0.2046875 0.2109375
0 0.37578125 0.778125 0.115625 0.44296875
0 0.31953125 0.89921875 0.20078125 0.19921875
0 0.23125 0.56484375 0.11328125 0.2203125
0 0.1265625 0.671875 0.10625 0.246875
0 0.1125 0.61796875 0.11953125 0.278125
0 0.5640625 0.1734375 0.0796875 0.14296875
0 0.6421875 0.1578125 0.08828125 0.0546875
0 0.72421875 0.18203125 0.0921875 0.06015625
0 0.778125 0.48203125 0.0703125 0.21328125
0 0.734375 0.4515625 0.06484375 0.17890625
0 0.6796875 0.42265625 0.0859375 0.16171875
0 0.69453125 0.82109375 0.1328125 0.35546875