0 0.47109375 0.5796875 0.19453125 0.31328125
0 0.26640625 0.90078125 0.1 0.19609375
0 0.18359375 0.69453125 0.21328125 0.19140625
0 0.13828125 0.653125 0.15859375 0.275
0 0.309375 0.40703125 0.17421875 0.2203125
0 0.42109375 0.3765625 0.16171875 0.14296875
0 0.39765625 0.29921875 0.0609375 0.07578125
0 0.50703125 0.19453125 0.04609375 0.15546875
0 0.77578125 0.48125 0.07421875 0.19921875
0 0.6734375 0.4359375 0.11953125 0.21171875
0 0.7203125 0.48046875 0.09453125 0.25390625
0 0.60078125 0.11953125 0.0828125 0.08828125
0 0.65859375 0.15546875 0.05625 0.07578125
0 0.69921875 0.175 0.07421875 0.078125
0 0.7828125 0.20703125 0.09921875 0.07421875