0 0.43359375 0.54609375 0.13671875 0.28828125
0 0.32265625 0.81171875 0.11953125 0.375
0 0.1625 0.68125 0.21484375 0.23515625
0 0.11875 0.63984375 0.11796875 0.32421875
0 0.66484375 0.80703125 0.14765625 0.36328125
0 0.63203125 0.47578125 0.1609375 0.32890625
0 0.51875 0.2203125 0.06171875 0.18125
0 0.69375 0.17109375 0.10234375 0.0734375
0 0.79140625 0.20078125 0.078125 0.090625
0 0.7875 0.46328125 0.0578125 0.184375
0 0.72890625 0.43125 0.07578125 0.13671875
0 0.7 0.58046875 0.15234375 0.246875
0 0.7453125 0.68046875 0.11328125 0.28671875
0 0.32734375 0.3828125 0.16328125 0.2359375