0 0.56484375 0.521875 0.225 0.18359375
0 0.36796875 0.47109375 0.07578125 0.240625
0 0.35859375 0.9015625 0.2515625 0.1953125
0 0.24140625 0.5921875 0.12890625 0.25859375
0 0.13046875 0.60859375 0.06484375 0.16171875
0 0.6078125 0.15625 0.09765625 0.0546875
0 0.51328125 0.35859375 0.16484375 0.1640625
0 0.6328125 0.3734375 0.0859375 0.14296875
0 0.75390625 0.29140625 0.13984375 0.09140625
0 0.7890625 0.20703125 0.08671875 0.05078125
0 0.78359375 0.40234375 0.071875 0.165625
0 0.7296875 0.62890625 0.11640625 0.31171875
0 0.69609375 0.89140625 0.13515625 0.215625