0 0.2828703703703704 0.47962962962962963 0.18472222222222223 0.1925925925925926
0 0.5402777777777777 0.31805555555555554 0.05277777777777778 0.225
0 0.5717592592592593 0.1625 0.1037037037037037 0.10462962962962963
0 0.600925925925926 0.12962962962962962 0.10138888888888889 0.09259259259259259
0 0.7861111111111111 0.1884259259259259 0.10416666666666667 0.11574074074074074
0 0.7907407407407407 0.39305555555555555 0.05277777777777778 0.14537037037037037
0 0.7319444444444444 0.375 0.08055555555555556 0.12222222222222222
0 0.7240740740740741 0.6041666666666666 0.16296296296296298 0.3212962962962963
0 0.5810185185185185 0.5722222222222222 0.20972222222222223 0.1814814814814815
0 0.725462962962963 0.449537037037037 0.17777777777777778 0.17314814814814813
0 0.5347222222222222 0.874537037037037 0.10555555555555556 0.2490740740740741
0 0.35462962962962963 0.8972222222222223 0.24166666666666667 0.2037037037037037
0 0.20879629629629629 0.625462962962963 0.12638888888888888 0.23981481481481481
0 0.12175925925925926 0.6541666666666667 0.13148148148148148 0.2638888888888889