0 0.7069444444444445 0.7439814814814815 0.09953703703703703 0.4398148148148148
0 0.3236111111111111 0.9023148148148148 0.19953703703703704 0.1935185185185185
0 0.20277777777777778 0.6324074074074074 0.08009259259259259 0.2
0 0.12129629629629629 0.6810185185185185 0.08981481481481482 0.2953703703703704
0 0.13564814814814816 0.5800925925925926 0.1527777777777778 0.2861111111111111
0 0.31296296296296294 0.41805555555555557 0.20694444444444443 0.21203703703703702
0 0.5333333333333333 0.3611111111111111 0.14351851851851852 0.14074074074074075
0 0.5902777777777778 0.29074074074074074 0.15185185185185185 0.17962962962962964
0 0.5412037037037037 0.17037037037037037 0.05925925925925926 0.11481481481481481
0 0.6615740740740741 0.25092592592592594 0.049074074074074076 0.18703703703703703
0 0.6486111111111111 0.14074074074074075 0.09212962962962963 0.09814814814814815
0 0.687037037037037 0.1388888888888889 0.0712962962962963 0.1111111111111111
0 0.7597222222222222 0.17175925925925925 0.07962962962962963 0.09537037037037037
0 0.8111111111111111 0.18564814814814815 0.04675925925925926 0.08981481481481482