0 0.7245370370370371 0.4527777777777778 0.1175925925925926 0.22037037037037038
0 0.41574074074074074 0.5703703703703704 0.2263888888888889 0.19444444444444445
0 0.4217592592592593 0.8773148148148148 0.21481481481481482 0.24351851851851852
0 0.29212962962962963 0.48194444444444445 0.1550925925925926 0.262037037037037
0 0.4199074074074074 0.20879629629629629 0.10185185185185185 0.13055555555555556
0 0.4300925925925926 0.11944444444444445 0.03518518518518519 0.07777777777777778
0 0.47824074074074074 0.15694444444444444 0.05138888888888889 0.12129629629629629
0 0.5305555555555556 0.19583333333333333 0.05416666666666667 0.09166666666666666
0 0.5958333333333333 0.28703703703703703 0.15324074074074073 0.1814814814814815
0 0.6046296296296296 0.45787037037037037 0.09675925925925925 0.30648148148148147
0 0.7064814814814815 0.687962962962963 0.15555555555555556 0.32037037037037036
0 0.20925925925925926 0.4148148148148148 0.05740740740740741 0.18703703703703703
0 0.26666666666666666 0.3912037037037037 0.07824074074074074 0.16203703703703703
0 0.8652777777777778 0.6486111111111111 0.15694444444444444 0.28425925925925927
0 0.8134259259259259 0.5939814814814814 0.10462962962962963 0.10092592592592593