0 0.2984375 0.6671875 0.16796875 0.23828125
0 0.25 0.54296875 0.13359375 0.15703125
0 0.44375 0.35859375 0.1078125 0.19921875
0 0.56875 0.5234375 0.23359375 0.1859375
0 0.75546875 0.3078125 0.14765625 0.16015625
0 0.6296875 0.253125 0.12265625 0.16328125
0 0.5078125 0.2015625 0.10625 0.13125
0 0.56875 0.14921875 0.08515625 0.09375
0 0.62890625 0.15859375 0.04296875 0.03671875
0 0.70859375 0.15703125 0.09609375 0.10078125
0 0.7328125 0.63046875 0.10390625 0.30546875
0 0.6953125 0.890625 0.134375 0.21796875