0 0.5546875 0.153125 0.04921875 0.128125
0 0.68203125 0.14765625 0.10546875 0.11015625
0 0.67109375 0.17734375 0.11015625 0.0765625
0 0.79453125 0.25546875 0.07421875 0.0765625
0 0.76953125 0.31640625 0.11328125 0.07578125
0 0.7953125 0.396875 0.06484375 0.18125
0 0.73359375 0.39140625 0.06640625 0.14296875
0 0.7171875 0.47890625 0.1640625 0.21953125
0 0.56953125 0.534375 0.22109375 0.18828125
0 0.6359375 0.625 0.215625 0.19609375
0 0.72890625 0.696875 0.13203125 0.30703125
0 0.62890625 0.821875 0.20703125 0.34609375
0 0.159375 0.65234375 0.19453125 0.26953125
0 0.16953125 0.70546875 0.178125 0.28125