0 0.55234375 0.35390625 0.10234375 0.1515625
0 0.35859375 0.89609375 0.24296875 0.20625
0 0.26953125 0.4765625 0.115625 0.20859375
0 0.23359375 0.621875 0.1140625 0.228125
0 0.140625 0.6484375 0.16875 0.2984375
0 0.10859375 0.55546875 0.17109375 0.28671875
0 0.74921875 0.4234375 0.05703125 0.228125
0 0.7890625 0.33046875 0.06640625 0.09296875
0 0.61328125 0.11875 0.0484375 0.0859375
0 0.578125 0.121875 0.02890625 0.08828125
0 0.6859375 0.171875 0.08828125 0.04921875
0 0.7875 0.178125 0.09609375 0.0953125
0 0.7390625 0.1609375 0.04140625 0.08984375