0 0.4398148148148148 0.6199074074074075 0.10416666666666667 0.42685185185185187
0 0.5990740740740741 0.7981481481481482 0.29907407407407405 0.30185185185185187
0 0.3439814814814815 0.9120370370370371 0.2722222222222222 0.17407407407407408
0 0.26805555555555555 0.6541666666666667 0.12175925925925926 0.33425925925925926
0 0.1337962962962963 0.65 0.1550925925925926 0.2740740740740741
0 0.5217592592592593 0.2861111111111111 0.0912037037037037 0.18518518518518517
0 0.5731481481481482 0.32685185185185184 0.1412037037037037 0.22962962962962963
0 0.587037037037037 0.5652777777777778 0.21296296296296297 0.175
0 0.7263888888888889 0.47638888888888886 0.18009259259259258 0.22685185185185186
0 0.6092592592592593 0.13425925925925927 0.0962962962962963 0.08148148148148149
0 0.7800925925925926 0.17407407407407408 0.09351851851851851 0.09444444444444444
0 0.799074074074074 0.2638888888888889 0.0625 0.14629629629629629
0 0.7912037037037037 0.38472222222222224 0.05138888888888889 0.14537037037037037
0 0.7324074074074074 0.3731481481481482 0.07777777777777778 0.11481481481481481