0 0.6430555555555556 0.8972222222222223 0.24305555555555555 0.2037037037037037
0 0.8967592592592593 0.6782407407407407 0.05740740740740741 0.16203703703703703
0 0.8009259259259259 0.562962962962963 0.16712962962962963 0.20185185185185187
0 0.5819444444444445 0.37824074074074077 0.17037037037037037 0.14166666666666666
0 0.6435185185185185 0.33935185185185185 0.15787037037037038 0.19907407407407407
0 0.5254629629629629 0.5402777777777777 0.17453703703703705 0.22685185185185186
0 0.3699074074074074 0.7333333333333333 0.3138888888888889 0.32407407407407407
0 0.22546296296296298 0.48009259259259257 0.0763888888888889 0.20092592592592592
0 0.22083333333333333 0.21203703703703702 0.10185185185185185 0.07777777777777778
0 0.3300925925925926 0.16898148148148148 0.0625 0.14166666666666666
0 0.44907407407407407 0.14629629629629629 0.06111111111111111 0.1259259259259259
0 0.38472222222222224 0.12268518518518519 0.07361111111111111 0.08796296296296297
0 0.2726851851851852 0.44537037037037036 0.10694444444444444 0.2574074074074074
0 0.3287037037037037 0.43333333333333335 0.1125 0.20555555555555555