0 0.4671875 0.609375 0.234375 0.27109375
0 0.734375 0.91484375 0.11328125 0.16875
0 0.89140625 0.696875 0.05859375 0.2203125
0 0.8734375 0.615625 0.1390625 0.37109375
0 0.26015625 0.57734375 0.0796875 0.375
0 0.2140625 0.478125 0.05390625 0.19375
0 0.32421875 0.43359375 0.12109375 0.20078125
0 0.46875 0.33515625 0.17578125 0.2
0 0.64765625 0.35078125 0.14140625 0.1890625
0 0.59296875 0.38046875 0.13359375 0.13984375
0 0.42734375 0.1484375 0.046875 0.11171875
0 0.21640625 0.2109375 0.096875 0.07578125
0 0.30234375 0.17421875 0.0765625 0.078125
0 0.334375 0.159375 0.04609375 0.06171875
0 0.390625 0.13046875 0.08046875 0.0859375