0 0.5828703703703704 0.5365740740740741 0.23981481481481481 0.1638888888888889
0 0.5157407407407407 0.42314814814814816 0.18518518518518517 0.1425925925925926
0 0.4638888888888889 0.3712962962962963 0.1736111111111111 0.12037037037037036
0 0.38287037037037036 0.324537037037037 0.1300925925925926 0.20462962962962963
0 0.3347222222222222 0.8944444444444445 0.2388888888888889 0.20925925925925926
0 0.12962962962962962 0.6625 0.14444444444444443 0.27685185185185185
0 0.7310185185185185 0.6277777777777778 0.16944444444444445 0.31666666666666665
0 0.6 0.32592592592592595 0.15092592592592594 0.18333333333333332
0 0.5296296296296297 0.18796296296296297 0.11388888888888889 0.13518518518518519
0 0.6087962962962963 0.14444444444444443 0.05277777777777778 0.06666666666666667
0 0.6449074074074074 0.12685185185185185 0.034722222222222224 0.09074074074074075
0 0.700925925925926 0.17175925925925925 0.0875 0.06759259259259259
0 0.787962962962963 0.19583333333333333 0.09212962962962963 0.05092592592592592
0 0.7962962962962963 0.26805555555555555 0.07685185185185185 0.1527777777777778