0 0.5337962962962963 0.6078703703703704 0.2300925925925926 0.2638888888888889
0 0.25277777777777777 0.9263888888888889 0.12037037037037036 0.14537037037037037
0 0.7467592592592592 0.5564814814814815 0.09861111111111111 0.3425925925925926
0 0.7851851851851852 0.4787037037037037 0.053703703703703705 0.18888888888888888
0 0.6736111111111112 0.43796296296296294 0.12037037037037036 0.2111111111111111
0 0.2967592592592593 0.4097222222222222 0.1884259259259259 0.21574074074074073
0 0.125 0.6092592592592593 0.13425925925925927 0.35555555555555557
0 0.10555555555555556 0.6916666666666667 0.058333333333333334 0.20925925925925926
0 0.4203703703703704 0.3773148148148148 0.16666666666666666 0.13425925925925927
0 0.34953703703703703 0.35138888888888886 0.1412037037037037 0.18425925925925926
0 0.5634259259259259 0.15324074074074073 0.09953703703703703 0.1175925925925926
0 0.6194444444444445 0.13055555555555556 0.06574074074074074 0.09074074074074075
0 0.6657407407407407 0.1574074074074074 0.04722222222222222 0.05555555555555555
0 0.700925925925926 0.17083333333333334 0.07083333333333333 0.06944444444444445
0 0.7837962962962963 0.21064814814814814 0.09583333333333334 0.07685185185185185