0 0.4171875 0.53671875 0.23984375 0.1640625
0 0.484375 0.4234375 0.18515625 0.14296875
0 0.5359375 0.37109375 0.1734375 0.1203125
0 0.6171875 0.32421875 0.13046875 0.2046875
0 0.665625 0.89453125 0.2390625 0.209375
0 0.8703125 0.6625 0.14453125 0.2765625
0 0.26875 0.628125 0.16953125 0.31640625
0 0.4 0.32578125 0.15078125 0.18359375
0 0.4703125 0.18828125 0.1140625 0.13515625
0 0.39140625 0.14453125 0.05234375 0.06640625
0 0.3546875 0.1265625 0.03515625 0.090625
0 0.29921875 0.171875 0.0875 0.06796875
0 0.2125 0.19609375 0.0921875 0.05078125
0 0.20390625 0.26796875 0.07734375 0.153125