0 0.38359375 0.85 0.26796875 0.2984375
0 0.1453125 0.7078125 0.1703125 0.25625
0 0.125 0.6515625 0.1453125 0.2546875
0 0.2796875 0.48125 0.0828125 0.23984375
0 0.5546875 0.715625 0.21796875 0.321875
0 0.6765625 0.56484375 0.2 0.37578125
0 0.5390625 0.353125 0.11796875 0.24453125
0 0.50625 0.22890625 0.128125 0.1390625
0 0.6046875 0.1515625 0.08515625 0.06171875
0 0.7453125 0.184375 0.07421875 0.1
0 0.809375 0.253125 0.0453125 0.16171875
0 0.7578125 0.28359375 0.13671875 0.16796875
0 0.734375 0.4 0.1515625 0.15390625