0 0.37546296296296294 0.7087962962962963 0.19907407407407407 0.3824074074074074
0 0.24212962962962964 0.6337962962962963 0.09027777777777778 0.3472222222222222
0 0.1425925925925926 0.6421296296296296 0.14814814814814814 0.2953703703703704
0 0.1439814814814815 0.5768518518518518 0.1527777777777778 0.29259259259259257
0 0.6125 0.5638888888888889 0.24074074074074073 0.26666666666666666
0 0.4513888888888889 0.24953703703703703 0.049074074074074076 0.19722222222222222
0 0.6189814814814815 0.36342592592592593 0.08287037037037037 0.19722222222222222
0 0.5453703703703704 0.21898148148148147 0.1125 0.14722222222222223
0 0.7537037037037037 0.600925925925926 0.10416666666666667 0.29259259259259257
0 0.750462962962963 0.43287037037037035 0.11018518518518519 0.11944444444444445
0 0.7069444444444445 0.38333333333333336 0.09537037037037037 0.18703703703703703
0 0.7731481481481481 0.3106481481481482 0.09305555555555556 0.20277777777777778
0 0.6189814814814815 0.15925925925925927 0.06111111111111111 0.12777777777777777