0 0.38125 0.83515625 0.28671875 0.29453125
0 0.15 0.678125 0.18515625 0.28125
0 0.5078125 0.5046875 0.1171875 0.28125
0 0.41328125 0.4125 0.08671875 0.1953125
0 0.42890625 0.33125 0.15859375 0.115625
0 0.55234375 0.40859375 0.12421875 0.103125
0 0.553125 0.31953125 0.0921875 0.12109375
0 0.77578125 0.45390625 0.08359375 0.21171875
0 0.7859375 0.334375 0.078125 0.10078125
0 0.61171875 0.14375 0.08828125 0.05703125
0 0.6609375 0.1140625 0.08515625 0.06171875
0 0.68828125 0.171875 0.07265625 0.05625
0 0.73984375 0.16328125 0.034375 0.10703125
0 0.784375 0.19921875 0.0890625 0.0546875