0 0.3625 0.12578125 0.09140625 0.11328125
0 0.278125 0.1609375 0.0765625 0.1109375
0 0.20390625 0.18671875 0.07265625 0.09375
0 0.196875 0.2546875 0.0578125 0.07421875
0 0.2296875 0.315625 0.1140625 0.0640625
0 0.20703125 0.403125 0.05859375 0.19375
0 0.2703125 0.3765625 0.075 0.13671875
0 0.28046875 0.4765625 0.16171875 0.21875
0 0.428125 0.53125 0.2234375 0.1796875
0 0.3640625 0.61328125 0.21640625 0.18515625
0 0.2703125 0.68984375 0.13671875 0.30703125
0 0.36640625 0.82421875 0.20234375 0.34921875
0 0.84140625 0.653125 0.19609375 0.278125
0 0.8328125 0.70390625 0.18046875 0.2703125