0 0.3390625 0.7359375 0.21171875 0.31328125
0 0.25390625 0.9390625 0.11953125 0.1203125
0 0.17734375 0.58203125 0.08515625 0.1515625
0 0.1 0.68359375 0.07890625 0.2015625
0 0.1 0.76640625 0.05703125 0.14609375
0 0.5703125 0.52578125 0.22890625 0.203125
0 0.71875 0.6625 0.12734375 0.32109375
0 0.59140625 0.340625 0.115625 0.21875
0 0.615625 0.12109375 0.075 0.1
0 0.571875 0.14375 0.05234375 0.11796875
0 0.77421875 0.203125 0.1265625 0.15390625
0 0.7625 0.16328125 0.10546875 0.0796875
0 0.790625 0.3953125 0.0578125 0.15
0 0.72578125 0.3734375 0.08359375 0.11875
0 0.72109375 0.45234375 0.16875 0.17109375