0 0.4125 0.52578125 0.16640625 0.26640625
0 0.4796875 0.415625 0.1265625 0.11796875
0 0.4453125 0.3265625 0.08984375 0.11875
0 0.56484375 0.33359375 0.14296875 0.1203125
0 0.6359375 0.30390625 0.11640625 0.2390625
0 0.5890625 0.425 0.09609375 0.21328125
0 0.7484375 0.6484375 0.11640625 0.36875
0 0.85546875 0.684375 0.16796875 0.28828125
0 0.2265625 0.46328125 0.08671875 0.21015625
0 0.228125 0.32578125 0.1046875 0.09140625
0 0.2 0.23046875 0.06953125 0.1640625
0 0.28125 0.1421875 0.08203125 0.0953125
0 0.3109375 0.16171875 0.08046875 0.0640625
0 0.2265625 0.16796875 0.03984375 0.08515625