0 0.28671875 0.675 0.17265625 0.37578125
0 0.1296875 0.66640625 0.15703125 0.26953125
0 0.7734375 0.4640625 0.09140625 0.21328125
0 0.65546875 0.3359375 0.10234375 0.18984375
0 0.534375 0.334375 0.1171875 0.1015625
0 0.4109375 0.415625 0.1015625 0.209375
0 0.4015625 0.30390625 0.1375 0.178125
0 0.5453125 0.434375 0.19140625 0.165625
0 0.77421875 0.33671875 0.09921875 0.1046875
0 0.72890625 0.159375 0.03984375 0.1234375
0 0.6765625 0.1640625 0.09140625 0.0703125
0 0.6203125 0.11015625 0.05703125 0.06875
0 0.5875 0.14140625 0.08828125 0.11640625
0 0.79140625 0.2078125 0.0921875 0.065625