0 0.30078125 0.81953125 0.12265625 0.35859375
0 0.87109375 0.646875 0.06796875 0.1703125
0 0.88984375 0.67578125 0.10078125 0.36953125
0 0.6703125 0.3796875 0.07890625 0.2203125
0 0.5609375 0.38046875 0.09765625 0.275
0 0.36171875 0.403125 0.078125 0.24375
0 0.275 0.45625 0.09296875 0.18046875
0 0.2203125 0.484375 0.06953125 0.20859375
0 0.43359375 0.159375 0.08984375 0.11484375
0 0.3953125 0.1484375 0.08828125 0.05859375
0 0.3578125 0.14765625 0.06640625 0.0734375
0 0.278125 0.1890625 0.09609375 0.0703125
0 0.23984375 0.19453125 0.09609375 0.075
0 0.32578125 0.1453125 0.06953125 0.06875