0 0.61484375 0.8359375 0.2375 0.32578125
0 0.190625 0.69296875 0.2609375 0.2609375
0 0.12109375 0.5953125 0.19609375 0.2296875
0 0.1125 0.54453125 0.08671875 0.1296875
0 0.2515625 0.46171875 0.16171875 0.271875
0 0.6390625 0.146875 0.03515625 0.1015625
0 0.70078125 0.17421875 0.10078125 0.06796875
0 0.7953125 0.20546875 0.08046875 0.09140625
0 0.65859375 0.5265625 0.1 0.290625
0 0.6109375 0.690625 0.26484375 0.18671875
0 0.7796875 0.47421875 0.07265625 0.215625
0 0.7265625 0.453125 0.08671875 0.16796875
0 0.70546875 0.36640625 0.10546875 0.1546875
0 0.15 0.63203125 0.13828125 0.13984375