0 0.27890625 0.42734375 0.11796875 0.27890625
0 0.14453125 0.61171875 0.06796875 0.13046875
0 0.1109375 0.6234375 0.12265625 0.365625
0 0.64609375 0.70078125 0.24296875 0.325
0 0.72421875 0.50703125 0.08828125 0.34453125
0 0.6390625 0.41640625 0.15390625 0.23046875
0 0.78046875 0.48046875 0.06796875 0.20390625
0 0.55703125 0.1703125 0.08515625 0.0796875
0 0.6109375 0.12890625 0.07734375 0.0984375
0 0.7859375 0.2859375 0.0671875 0.1796875
0 0.75546875 0.16328125 0.07109375 0.10078125
0 0.646875 0.15546875 0.06328125 0.059375
0 0.675 0.15859375 0.06640625 0.06640625
0 0.2828125 0.90625 0.11171875 0.18515625