0 0.590625 0.5171875 0.18203125 0.23828125
0 0.52578125 0.4171875 0.13515625 0.11953125
0 0.5546875 0.32890625 0.09296875 0.13125
0 0.4265625 0.33046875 0.16171875 0.1109375
0 0.41796875 0.428125 0.0890625 0.21328125
0 0.32421875 0.3984375 0.07734375 0.2046875
0 0.153125 0.67578125 0.1828125 0.2859375
0 0.77578125 0.46015625 0.08359375 0.221875
0 0.784375 0.34296875 0.08046875 0.1203125
0 0.759375 0.1578125 0.07890625 0.09921875
0 0.784375 0.2015625 0.0921875 0.0609375
0 0.69296875 0.12578125 0.06015625 0.071875
0 0.68515625 0.16171875 0.0765625 0.06875
0 0.44921875 0.21875 0.08828125 0.16171875