0 0.6842592592592592 0.6597222222222222 0.19722222222222222 0.23796296296296296
0 0.549537037037037 0.8453703703703703 0.11990740740740741 0.3074074074074074
0 0.4217592592592593 0.8115740740740741 0.10092592592592593 0.375
0 0.3282407407407407 0.8347222222222223 0.11342592592592593 0.3287037037037037
0 0.12731481481481483 0.6555555555555556 0.16203703703703703 0.22962962962962963
0 0.4351851851851852 0.5064814814814815 0.08611111111111111 0.32407407407407407
0 0.5430555555555555 0.3731481481481482 0.16018518518518518 0.2
0 0.7064814814814815 0.500462962962963 0.20277777777777778 0.1935185185185185
0 0.7509259259259259 0.42314814814814816 0.1375 0.15
0 0.6601851851851852 0.37962962962962965 0.05787037037037037 0.12407407407407407
0 0.7564814814814815 0.16944444444444445 0.10324074074074074 0.10555555555555556
0 0.575462962962963 0.14675925925925926 0.10833333333333334 0.1175925925925926
0 0.6689814814814815 0.14629629629629629 0.06712962962962964 0.10185185185185185