0 0.850462962962963 0.6083333333333333 0.07962962962962963 0.1685185185185185
0 0.32592592592592595 0.6476851851851851 0.2351851851851852 0.3990740740740741
0 0.23194444444444445 0.5902777777777778 0.0912037037037037 0.22870370370370371
0 0.5111111111111111 0.44675925925925924 0.15833333333333333 0.16574074074074074
0 0.575462962962963 0.3587962962962963 0.15092592592592594 0.15648148148148147
0 0.45 0.3523148148148148 0.08657407407407407 0.15833333333333333
0 0.36944444444444446 0.3287037037037037 0.07916666666666666 0.2462962962962963
0 0.22314814814814815 0.44074074074074077 0.08333333333333333 0.16666666666666666
0 0.22361111111111112 0.275 0.09537037037037037 0.17407407407407408
0 0.2763888888888889 0.15694444444444444 0.05 0.11203703703703703
0 0.30925925925925923 0.14027777777777778 0.05648148148148148 0.08055555555555556
0 0.3861111111111111 0.15046296296296297 0.09722222222222222 0.06759259259259259
0 0.20787037037037037 0.20416666666666666 0.09212962962962963 0.06388888888888888
0 0.8476851851851852 0.675 0.17777777777777778 0.2777777777777778