0 0.3143518518518518 0.8916666666666667 0.13055555555555556 0.21481481481481482
0 0.7263888888888889 0.9185185185185185 0.11527777777777778 0.16111111111111112
0 0.8694444444444445 0.6611111111111111 0.1425925925925926 0.3333333333333333
0 0.5717592592592593 0.6106481481481482 0.13194444444444445 0.43425925925925923
0 0.5120370370370371 0.41712962962962963 0.15555555555555556 0.23055555555555557
0 0.5268518518518519 0.3199074074074074 0.1449074074074074 0.13796296296296295
0 0.5634259259259259 0.24675925925925926 0.10925925925925926 0.1675925925925926
0 0.3476851851851852 0.21898148148148147 0.10462962962962963 0.13796296296296295
0 0.20972222222222223 0.18425925925925926 0.041666666666666664 0.12407407407407407
0 0.26296296296296295 0.19074074074074074 0.08703703703703704 0.06296296296296296
0 0.2162037037037037 0.4685185185185185 0.06111111111111111 0.18518518518518517
0 0.2972222222222222 0.5291666666666667 0.11805555555555555 0.26944444444444443
0 0.28055555555555556 0.6865740740740741 0.14907407407407408 0.2953703703703704