0 0.638425925925926 0.45185185185185184 0.1388888888888889 0.2722222222222222
0 0.524537037037037 0.2222222222222222 0.0699074074074074 0.17777777777777778
0 0.4671296296296296 0.18472222222222223 0.1111111111111111 0.1175925925925926
0 0.425 0.13194444444444445 0.05416666666666667 0.11388888888888889
0 0.21944444444444444 0.25092592592592594 0.09583333333333334 0.15925925925925927
0 0.20879629629629629 0.4162037037037037 0.05925925925925926 0.1935185185185185
0 0.2671296296296296 0.3861111111111111 0.08425925925925926 0.13333333333333333
0 0.28379629629629627 0.4810185185185185 0.15787037037037038 0.22685185185185186
0 0.4101851851851852 0.5300925925925926 0.20694444444444443 0.16203703703703703
0 0.49444444444444446 0.6578703703703703 0.08472222222222223 0.3398148148148148
0 0.31805555555555554 0.8453703703703703 0.17175925925925925 0.3074074074074074
0 0.6671296296296296 0.9106481481481481 0.24722222222222223 0.17314814814814813
0 0.8421296296296297 0.5796296296296296 0.07037037037037037 0.1259259259259259
0 0.8972222222222223 0.7694444444444445 0.06296296296296296 0.15
0 0.9037037037037037 0.6875 0.07453703703703704 0.1787037037037037