0 0.64296875 0.48125 0.07578125 0.215625
0 0.7609375 0.5828125 0.13515625 0.24140625
0 0.66015625 0.75546875 0.203125 0.38359375
0 0.359375 0.39609375 0.09296875 0.15390625
0 0.43359375 0.51875 0.22421875 0.178125
0 0.49375 0.36953125 0.18203125 0.20390625
0 0.21015625 0.2109375 0.08828125 0.059375
0 0.3953125 0.153125 0.08515625 0.0546875
0 0.24296875 0.29296875 0.14453125 0.0859375
0 0.21640625 0.4015625 0.06796875 0.17578125
0 0.27734375 0.621875 0.10078125 0.33125
0 0.30625 0.8890625 0.13203125 0.2203125
0 0.86640625 0.60859375 0.0734375 0.16484375