0 0.2199074074074074 0.21203703703703702 0.11481481481481481 0.16111111111111112
0 0.30185185185185187 0.175 0.06157407407407407 0.07407407407407407
0 0.3421296296296296 0.15555555555555556 0.062037037037037036 0.07222222222222222
0 0.25046296296296294 0.6055555555555555 0.09212962962962963 0.3388888888888889
0 0.2212962962962963 0.4634259259259259 0.06574074074074074 0.1638888888888889
0 0.262037037037037 0.39675925925925926 0.07361111111111111 0.24537037037037038
0 0.33194444444444443 0.4398148148148148 0.10648148148148148 0.21481481481481482
0 0.5777777777777777 0.37453703703703706 0.1597222222222222 0.15648148148148147
0 0.7314814814814815 0.9194444444444444 0.1050925925925926 0.15925925925925927
0 0.8759259259259259 0.5958333333333333 0.14027777777777778 0.3490740740740741
0 0.8935185185185185 0.663425925925926 0.05925925925925926 0.14722222222222223
0 0.6754629629629629 0.3875 0.12546296296296297 0.21574074074074073
0 0.39861111111111114 0.12638888888888888 0.02962962962962963 0.0824074074074074
0 0.42407407407407405 0.15231481481481482 0.04953703703703704 0.11574074074074074