0 0.3234375 0.759375 0.1828125 0.40625
0 0.13671875 0.6453125 0.15546875 0.33359375
0 0.1046875 0.6 0.1171875 0.27578125
0 0.55546875 0.35 0.10078125 0.159375
0 0.76953125 0.465625 0.0921875 0.21953125
0 0.68671875 0.32890625 0.08828125 0.1734375
0 0.771875 0.3359375 0.1 0.10625
0 0.546875 0.16875 0.06640625 0.07890625
0 0.60234375 0.11640625 0.05625 0.10859375
0 0.63984375 0.20859375 0.03984375 0.165625
0 0.696875 0.125 0.0828125 0.07578125
0 0.7515625 0.21796875 0.11328125 0.11796875
0 0.81640625 0.2109375 0.028125 0.05703125
0 0.68515625 0.1640625 0.07109375 0.059375