0 0.29140625 0.90703125 0.1390625 0.184375
0 0.1453125 0.59296875 0.0703125 0.21328125
0 0.10078125 0.740625 0.08203125 0.18984375
0 0.68515625 0.60546875 0.21328125 0.403125
0 0.5046875 0.3796875 0.14921875 0.1390625
0 0.33359375 0.4640625 0.15390625 0.203125
0 0.56015625 0.2890625 0.13203125 0.1046875
0 0.5421875 0.17578125 0.07109375 0.084375
0 0.61171875 0.20625 0.06640625 0.1640625
0 0.60546875 0.10859375 0.05390625 0.08359375
0 0.67265625 0.14140625 0.0890625 0.1
0 0.7515625 0.33203125 0.0875 0.18125
0 0.7828125 0.47109375 0.06796875 0.1984375
0 0.71640625 0.5359375 0.16953125 0.33828125