0 0.434375 0.48203125 0.1703125 0.240625
0 0.31875 0.74296875 0.17265625 0.4015625
0 0.34765625 0.94375 0.1125 0.11015625
0 0.6734375 0.73203125 0.153125 0.534375
0 0.62734375 0.334375 0.07578125 0.203125
0 0.60546875 0.125 0.07890625 0.08125
0 0.79921875 0.19140625 0.06015625 0.0953125
0 0.76875 0.26640625 0.12890625 0.1359375
0 0.7890625 0.40703125 0.06015625 0.18359375
0 0.72734375 0.3796875 0.08203125 0.13515625
0 0.71640625 0.48203125 0.15234375 0.24375
0 0.584375 0.51328125 0.19921875 0.14296875
0 0.18671875 0.5875 0.10078125 0.2140625
0 0.10859375 0.65703125 0.084375 0.2390625
0 0.10703125 0.77421875 0.05390625 0.15625