0 0.27734375 0.9078125 0.1203125 0.18203125
0 0.45859375 0.58125 0.12265625 0.34921875
0 0.27578125 0.55390625 0.22109375 0.2484375
0 0.115625 0.6671875 0.12578125 0.26796875
0 0.28515625 0.4 0.16171875 0.1703125
0 0.47578125 0.33203125 0.15859375 0.1359375
0 0.5953125 0.23359375 0.13828125 0.14296875
0 0.56171875 0.13203125 0.04921875 0.08984375
0 0.7078125 0.15390625 0.08671875 0.11171875
0 0.79375 0.178125 0.090625 0.11484375
0 0.79609375 0.2625 0.071875 0.17109375
0 0.71171875 0.50703125 0.1296875 0.28125
0 0.78515625 0.46953125 0.05703125 0.18125
0 0.71796875 0.684375 0.15390625 0.28671875
0 0.68203125 0.89375 0.11875 0.2109375