0 0.7453703703703703 0.6504629629629629 0.1287037037037037 0.39166666666666666
0 0.8675925925925926 0.6430555555555556 0.1449074074074074 0.25833333333333336
0 0.8523148148148149 0.6925925925925925 0.1412037037037037 0.2740740740740741
0 0.6194444444444445 0.8949074074074074 0.18981481481481483 0.20833333333333334
0 0.36944444444444446 0.8263888888888888 0.20416666666666666 0.3453703703703704
0 0.25046296296296294 0.6953703703703704 0.11388888888888889 0.2962962962962963
0 0.42453703703703705 0.5157407407407407 0.22685185185185186 0.16296296296296298
0 0.4412037037037037 0.25 0.1175925925925926 0.21296296296296297
0 0.2796296296296296 0.39305555555555555 0.09444444444444444 0.1361111111111111
0 0.3148148148148148 0.4675925925925926 0.19166666666666668 0.13518518518518519
0 0.362962962962963 0.5995370370370371 0.22916666666666666 0.1712962962962963
0 0.2064814814814815 0.4 0.0587962962962963 0.17962962962962964
0 0.25787037037037036 0.16805555555555557 0.09259259259259259 0.10648148148148148
0 0.20833333333333334 0.2518518518518518 0.07824074074074074 0.0962962962962963
0 0.21712962962962962 0.3106481481481482 0.11342592592592593 0.06574074074074074