0 0.35703125 0.48125 0.07578125 0.215625
0 0.2390625 0.5828125 0.13515625 0.24140625
0 0.33984375 0.75546875 0.203125 0.38359375
0 0.640625 0.39609375 0.09296875 0.15390625
0 0.56640625 0.51875 0.22421875 0.178125
0 0.50625 0.36953125 0.18203125 0.20390625
0 0.78984375 0.2109375 0.08828125 0.059375
0 0.6046875 0.153125 0.08515625 0.0546875
0 0.75703125 0.29296875 0.14453125 0.0859375
0 0.78359375 0.4015625 0.06796875 0.17578125
0 0.72265625 0.621875 0.10078125 0.33125
0 0.69375 0.8890625 0.13203125 0.2203125
0 0.13359375 0.60859375 0.0734375 0.16484375