0 0.49675925925925923 0.20925925925925926 0.07314814814814814 0.15925925925925927
0 0.41203703703703703 0.12916666666666668 0.04212962962962963 0.13055555555555556
0 0.2601851851851852 0.16296296296296298 0.10324074074074074 0.12222222222222222
0 0.20277777777777778 0.26064814814814813 0.0763888888888889 0.09537037037037037
0 0.22870370370370371 0.32037037037037036 0.11342592592592593 0.07592592592592592
0 0.20972222222222223 0.4125 0.07175925925925926 0.19722222222222222
0 0.2675925925925926 0.40324074074074073 0.06527777777777778 0.17314814814814813
0 0.3037037037037037 0.42824074074074076 0.10277777777777777 0.16944444444444445
0 0.42777777777777776 0.5333333333333333 0.2199074074074074 0.17962962962962964
0 0.3611111111111111 0.6189814814814815 0.21666666666666667 0.21574074074074073
0 0.262037037037037 0.6916666666666667 0.1300925925925926 0.31851851851851853
0 0.3648148148148148 0.8236111111111111 0.20324074074074075 0.3509259259259259
0 0.8393518518518519 0.6402777777777777 0.19212962962962962 0.25092592592592594
0 0.8310185185185185 0.7018518518518518 0.1962962962962963 0.27037037037037037