0 0.6291666666666667 0.5375 0.09907407407407408 0.29907407407407405
0 0.6046296296296296 0.13240740740740742 0.08472222222222223 0.08518518518518518
0 0.6976851851851852 0.17453703703703705 0.10555555555555556 0.06759259259259259
0 0.7962962962962963 0.20555555555555555 0.07546296296296297 0.08888888888888889
0 0.7796296296296297 0.47685185185185186 0.07407407407407407 0.22037037037037038
0 0.7199074074074074 0.45092592592592595 0.10416666666666667 0.1814814814814815
0 0.700925925925926 0.3814814814814815 0.11157407407407408 0.17222222222222222
0 0.612037037037037 0.7138888888888889 0.26990740740740743 0.22962962962962963
0 0.6180555555555556 0.8356481481481481 0.2300925925925926 0.32685185185185184
0 0.1884259259259259 0.6805555555555556 0.2662037037037037 0.2518518518518518
0 0.29259259259259257 0.4388888888888889 0.0837962962962963 0.23148148148148148
0 0.24305555555555555 0.4462962962962963 0.08055555555555556 0.23148148148148148
0 0.12083333333333333 0.5768518518518518 0.15185185185185185 0.2759259259259259
0 0.1412037037037037 0.6546296296296297 0.17453703703703705 0.17592592592592593