0 0.6504629629629629 0.38472222222222224 0.08518518518518518 0.19907407407407407
0 0.5800925925925926 0.2833333333333333 0.07175925925925926 0.20925925925925926
0 0.4601851851851852 0.35833333333333334 0.14814814814814814 0.18333333333333332
0 0.2814814814814815 0.4615740740740741 0.16342592592592592 0.20833333333333334
0 0.4337962962962963 0.525 0.21851851851851853 0.18333333333333332
0 0.24027777777777778 0.30462962962962964 0.12962962962962962 0.06481481481481481
0 0.2074074074074074 0.3939814814814815 0.05416666666666667 0.14907407407407408
0 0.2722222222222222 0.37777777777777777 0.08055555555555556 0.1259259259259259
0 0.24768518518518517 0.6467592592592593 0.0912037037037037 0.2601851851851852
0 0.3421296296296296 0.7055555555555556 0.12361111111111112 0.32037037037037036
0 0.30787037037037035 0.8888888888888888 0.13194444444444445 0.22037037037037038
0 0.6902777777777778 0.6717592592592593 0.18194444444444444 0.3638888888888889
0 0.7490740740740741 0.5935185185185186 0.15092592592592594 0.2351851851851852
0 0.8611111111111112 0.6578703703703703 0.14305555555555555 0.2638888888888889