0 0.3907407407407407 0.4791666666666667 0.10925925925925926 0.27314814814814814
0 0.23981481481481481 0.562962962962963 0.1175925925925926 0.26481481481481484
0 0.12777777777777777 0.6620370370370371 0.14444444444444443 0.2777777777777778
0 0.33194444444444443 0.8944444444444445 0.23842592592592593 0.20925925925925926
0 0.7509259259259259 0.6287037037037037 0.12916666666666668 0.3074074074074074
0 0.5814814814814815 0.5342592592592592 0.2263888888888889 0.15555555555555556
0 0.47824074074074074 0.39166666666666666 0.16018518518518518 0.13703703703703704
0 0.6296296296296297 0.33425925925925926 0.16203703703703703 0.1925925925925926
0 0.7421296296296296 0.4074074074074074 0.1550925925925926 0.23148148148148148
0 0.675 0.14537037037037037 0.07916666666666666 0.08888888888888889
0 0.6111111111111112 0.1388888888888889 0.058333333333333334 0.053703703703703705
0 0.7069444444444445 0.175 0.07592592592592592 0.05185185185185185
0 0.7851851851851852 0.19953703703703704 0.0875 0.049074074074074076