0 0.45740740740740743 0.4324074074074074 0.18703703703703703 0.14444444444444443
0 0.25 0.5740740740740741 0.14814814814814814 0.24814814814814815
0 0.10833333333333334 0.6060185185185185 0.125 0.31574074074074077
0 0.33240740740740743 0.9046296296296297 0.24722222222222223 0.18888888888888888
0 0.5675925925925925 0.5291666666666667 0.19907407407407407 0.15648148148148147
0 0.7046296296296296 0.6412037037037037 0.14444444444444443 0.35648148148148145
0 0.7703703703703704 0.6 0.08796296296296297 0.23333333333333334
0 0.762962962962963 0.39861111111111114 0.1125 0.24722222222222223
0 0.5416666666666666 0.28935185185185186 0.09490740740740741 0.24722222222222223
0 0.662962962962963 0.13518518518518519 0.04259259259259259 0.08518518518518518
0 0.6152777777777778 0.15416666666666667 0.055092592592592596 0.06388888888888888
0 0.7055555555555556 0.17037037037037037 0.06111111111111111 0.06851851851851852
0 0.787962962962963 0.21574074074074073 0.05277777777777778 0.16111111111111112
0 0.7861111111111111 0.20324074074074075 0.0912037037037037 0.06018518518518518