0 0.63828125 0.7078125 0.27734375 0.3265625
0 0.471875 0.51640625 0.12265625 0.36875
0 0.2015625 0.56171875 0.1640625 0.20625
0 0.1046875 0.69921875 0.078125 0.21328125
0 0.40859375 0.36875 0.13515625 0.1515625
0 0.32578125 0.39921875 0.13203125 0.16796875
0 0.5875 0.28359375 0.1234375 0.15625
0 0.56640625 0.14453125 0.0359375 0.109375
0 0.61171875 0.14765625 0.06015625 0.06171875
0 0.7171875 0.17421875 0.04921875 0.115625
0 0.77890625 0.21015625 0.103125 0.071875
0 0.7703125 0.484375 0.08828125 0.20859375
0 0.70859375 0.38359375 0.059375 0.109375
0 0.2625 0.92265625 0.1125 0.153125
0 0.6734375 0.49140625 0.17734375 0.31484375