0 0.3648148148148148 0.875 0.14305555555555555 0.24814814814814815
0 0.7578703703703704 0.5708333333333333 0.14166666666666666 0.27685185185185185
0 0.43194444444444446 0.5194444444444445 0.23425925925925925 0.1925925925925926
0 0.2518518518518518 0.6300925925925925 0.13055555555555556 0.31574074074074077
0 0.287962962962963 0.36898148148148147 0.13703703703703704 0.21574074074074073
0 0.5421296296296296 0.25277777777777777 0.06620370370370371 0.15185185185185185
0 0.43657407407407406 0.15138888888888888 0.07175925925925926 0.1175925925925926
0 0.38472222222222224 0.12129629629629629 0.03194444444444444 0.09259259259259259
0 0.2972222222222222 0.2175925925925926 0.059722222222222225 0.1574074074074074
0 0.24212962962962964 0.2412037037037037 0.050462962962962966 0.11388888888888889
0 0.19027777777777777 0.2851851851851852 0.04537037037037037 0.19074074074074074
0 0.20833333333333334 0.1625 0.08148148148148149 0.0824074074074074
0 0.26944444444444443 0.14907407407407408 0.043055555555555555 0.08148148148148149
0 0.3194444444444444 0.12685185185185185 0.05462962962962963 0.08333333333333333