0 0.4101851851851852 0.6189814814814815 0.2449074074074074 0.25092592592592594
0 0.6472222222222223 0.3574074074074074 0.15925925925925927 0.19444444444444445
0 0.2111111111111111 0.2611111111111111 0.10092592592592593 0.14629629629629629
0 0.19907407407407407 0.16620370370370371 0.06157407407407407 0.0712962962962963
0 0.20694444444444443 0.3972222222222222 0.05277777777777778 0.16666666666666666
0 0.262037037037037 0.37824074074074077 0.0625 0.11574074074074074
0 0.2814814814814815 0.4486111111111111 0.16342592592592592 0.16944444444444445
0 0.4064814814814815 0.5194444444444445 0.18287037037037038 0.13518518518518519
0 0.25601851851851853 0.6333333333333333 0.11944444444444445 0.2611111111111111
0 0.300462962962963 0.8740740740740741 0.11944444444444445 0.25
0 0.6361111111111111 0.9087962962962963 0.26481481481481484 0.18055555555555555
0 0.7481481481481481 0.5851851851851851 0.12638888888888888 0.21481481481481482
0 0.8685185185185185 0.6597222222222222 0.13796296296296295 0.275
0 0.8939814814814815 0.6782407407407407 0.06296296296296296 0.16018518518518518