0 0.6444444444444445 0.4393518518518518 0.16666666666666666 0.225
0 0.4203703703703704 0.33425925925925926 0.1398148148148148 0.23148148148148148
0 0.3388888888888889 0.22407407407407406 0.13518518518518519 0.1537037037037037
0 0.23055555555555557 0.2337962962962963 0.09722222222222222 0.16944444444444445
0 0.2050925925925926 0.4013888888888889 0.05092592592592592 0.1675925925925926
0 0.26296296296296295 0.37592592592592594 0.06157407407407407 0.1111111111111111
0 0.2796296296296296 0.45185185185185184 0.1712962962962963 0.17222222222222222
0 0.24212962962962964 0.6319444444444444 0.08842592592592592 0.24722222222222223
0 0.4236111111111111 0.5481481481481482 0.22175925925925927 0.19814814814814816
0 0.35324074074074074 0.7273148148148149 0.24212962962962964 0.2953703703703704
0 0.6481481481481481 0.8981481481481481 0.26944444444444443 0.20185185185185187
0 0.7523148148148148 0.5944444444444444 0.11203703703703703 0.2388888888888889
0 0.8680555555555556 0.663425925925926 0.09351851851851851 0.30648148148148147
0 0.9185185185185185 0.7157407407407408 0.046296296296296294 0.13518518518518519