0 0.28515625 0.9140625 0.12890625 0.1703125
0 0.17578125 0.5234375 0.1515625 0.21328125
0 0.1671875 0.64140625 0.14453125 0.1890625
0 0.09609375 0.74921875 0.0796875 0.19609375
0 0.721875 0.63359375 0.18515625 0.24921875
0 0.51640625 0.36328125 0.11015625 0.16953125
0 0.54375 0.2828125 0.08515625 0.13828125
0 0.5390625 0.16796875 0.0609375 0.09296875
0 0.61015625 0.12421875 0.09921875 0.09140625
0 0.6984375 0.14296875 0.0828125 0.096875
0 0.77890625 0.18125 0.0609375 0.09296875
0 0.74765625 0.30625 0.13125 0.13046875
0 0.68203125 0.40546875 0.10234375 0.25703125
0 0.7859375 0.4484375 0.06328125 0.15859375