0 0.30703125 0.815625 0.12890625 0.36796875
0 0.3640625 0.51640625 0.10078125 0.37578125
0 0.69921875 0.6765625 0.19765625 0.3546875
0 0.8578125 0.621875 0.07890625 0.146875
0 0.88671875 0.63046875 0.13359375 0.315625
0 0.22421875 0.48828125 0.08046875 0.209375
0 0.271875 0.4640625 0.08359375 0.16640625
0 0.23984375 0.190625 0.09609375 0.071875
0 0.2796875 0.1890625 0.09765625 0.0703125
0 0.32578125 0.15 0.071875 0.06484375
0 0.35859375 0.14765625 0.06015625 0.07890625
0 0.375 0.153125 0.04296875 0.05859375
0 0.4125 0.171875 0.04296875 0.140625
0 0.44453125 0.15078125 0.05078125 0.1234375