0 0.47578125 0.71328125 0.2296875 0.2640625
0 0.1515625 0.678125 0.18203125 0.29296875
0 0.50546875 0.43046875 0.190625 0.1453125
0 0.4296875 0.359375 0.14296875 0.165625
0 0.35859375 0.31640625 0.10234375 0.22890625
0 0.5484375 0.334375 0.08828125 0.146875
0 0.69140625 0.59140625 0.23515625 0.2796875
0 0.77890625 0.44296875 0.07421875 0.18125
0 0.7015625 0.3703125 0.12578125 0.19453125
0 0.778125 0.2890625 0.05703125 0.16796875
0 0.7875 0.20078125 0.09140625 0.06015625
0 0.70625 0.15390625 0.06796875 0.09296875
0 0.64609375 0.128125 0.04921875 0.0734375
0 0.6078125 0.146875 0.09140625 0.05703125