0 0.29259259259259257 0.9115740740740741 0.14537037037037037 0.175
0 0.6796296296296296 0.8824074074074074 0.14351851851851852 0.23333333333333334
0 0.7171296296296297 0.6782407407407407 0.15694444444444444 0.28425925925925927
0 0.6662037037037037 0.5569444444444445 0.10740740740740741 0.287962962962963
0 0.1388888888888889 0.6680555555555555 0.1884259259259259 0.25833333333333336
0 0.48518518518518516 0.33935185185185185 0.16111111111111112 0.13055555555555556
0 0.3907407407407407 0.3 0.08611111111111111 0.19444444444444445
0 0.625 0.23564814814814813 0.08425925925925926 0.1675925925925926
0 0.6472222222222223 0.1398148148148148 0.09212962962962963 0.08518518518518518
0 0.7032407407407407 0.16527777777777777 0.05648148148148148 0.0712962962962963
0 0.7731481481481481 0.2569444444444444 0.11157407407407408 0.17314814814814813
0 0.7847222222222222 0.2111111111111111 0.10138888888888889 0.1259259259259259
0 0.7300925925925926 0.37222222222222223 0.1814814814814815 0.17037037037037037
0 0.7763888888888889 0.4935185185185185 0.0712962962962963 0.13333333333333333