0 0.5 0.61953125 0.10234375 0.40703125
0 0.7234375 0.93046875 0.128125 0.13828125
0 0.2171875 0.4828125 0.06328125 0.2046875
0 0.21875 0.21015625 0.09765625 0.0703125
0 0.2703125 0.49296875 0.07578125 0.33046875
0 0.340625 0.43828125 0.08984375 0.20859375
0 0.33984375 0.1515625 0.05703125 0.06953125
0 0.3046875 0.16796875 0.0765625 0.07578125
0 0.3953125 0.12109375 0.06484375 0.08984375
0 0.44140625 0.159375 0.06171875 0.12421875
0 0.5265625 0.209375 0.1171875 0.14609375
0 0.57890625 0.3796875 0.165625 0.1390625
0 0.70546875 0.39296875 0.11875 0.25390625
0 0.896875 0.6859375 0.05703125 0.16484375
0 0.8609375 0.65703125 0.1609375 0.2765625