0 0.496875 0.209375 0.07265625 0.159375
0 0.4125 0.12890625 0.0421875 0.13046875
0 0.26015625 0.16328125 0.103125 0.121875
0 0.203125 0.2609375 0.0765625 0.0953125
0 0.22890625 0.3203125 0.11328125 0.07578125
0 0.21015625 0.4125 0.071875 0.196875
0 0.2671875 0.403125 0.06484375 0.1734375
0 0.30390625 0.428125 0.10234375 0.16953125
0 0.42734375 0.53359375 0.21953125 0.1796875
0 0.3609375 0.61875 0.21640625 0.215625
0 0.26171875 0.69140625 0.13046875 0.31875
0 0.36484375 0.8234375 0.203125 0.35078125
0 0.8390625 0.640625 0.1921875 0.25078125
0 0.83125 0.7015625 0.19609375 0.2703125