0 0.5921875 0.40703125 0.15078125 0.2109375
0 0.41953125 0.3328125 0.14765625 0.23046875
0 0.25390625 0.16796875 0.11171875 0.1046875
0 0.20625 0.39453125 0.05390625 0.15703125
0 0.2625 0.37890625 0.06171875 0.1203125
0 0.290625 0.44296875 0.1453125 0.14375
0 0.24609375 0.5640625 0.11875 0.21015625
0 0.32265625 0.82265625 0.18984375 0.353125
0 0.42265625 0.54921875 0.22890625 0.203125
0 0.65859375 0.88203125 0.290625 0.234375
0 0.74921875 0.59921875 0.10703125 0.25390625
0 0.85625 0.70546875 0.12890625 0.26875
0 0.86796875 0.64296875 0.13984375 0.26953125
0 0.6640625 0.45546875 0.0890625 0.2515625