0 0.16944444444444445 0.6763888888888889 0.2074074074074074 0.30648148148148147
0 0.49675925925925923 0.4476851851851852 0.17685185185185184 0.1712962962962963
0 0.4263888888888889 0.3560185185185185 0.15092592592592594 0.15462962962962962
0 0.6680555555555555 0.3143518518518518 0.13472222222222222 0.19166666666666668
0 0.6069444444444444 0.2657407407407407 0.06712962962962964 0.18703703703703703
0 0.5486111111111112 0.34814814814814815 0.09537037037037037 0.14629629629629629
0 0.7768518518518519 0.4412037037037037 0.07916666666666666 0.16018518518518518
0 0.7222222222222222 0.6342592592592593 0.1537037037037037 0.3148148148148148
0 0.7870370370370371 0.2023148148148148 0.08055555555555556 0.06759259259259259
0 0.7277777777777777 0.15787037037037038 0.058333333333333334 0.11388888888888889
0 0.687962962962963 0.17222222222222222 0.06574074074074074 0.053703703703703705
0 0.612037037037037 0.125 0.08148148148148149 0.08703703703703704
0 0.5518518518518518 0.14629629629629629 0.0412037037037037 0.1259259259259259