0 0.6359375 0.3125 0.14140625 0.21015625
0 0.85625 0.60390625 0.06796875 0.13671875
0 0.890625 0.61640625 0.1265625 0.35078125
0 0.33359375 0.70703125 0.2484375 0.2796875
0 0.38828125 0.5015625 0.21015625 0.2640625
0 0.26875 0.49140625 0.09609375 0.321875
0 0.21640625 0.48046875 0.05703125 0.2015625
0 0.215625 0.29453125 0.06171875 0.21015625
0 0.2546875 0.16875 0.05859375 0.10390625
0 0.44375 0.16953125 0.08984375 0.07890625
0 0.38828125 0.1515625 0.075 0.0546875
0 0.35546875 0.15234375 0.06796875 0.075
0 0.33046875 0.153125 0.08203125 0.08046875