0 0.3527777777777778 0.8115740740740741 0.10972222222222222 0.3435185185185185
0 0.8027777777777778 0.6430555555555556 0.19212962962962962 0.30092592592592593
0 0.7731481481481481 0.46064814814814814 0.12685185185185185 0.1527777777777778
0 0.8810185185185185 0.6287037037037037 0.1412037037037037 0.2833333333333333
0 0.8865740740740741 0.5337962962962963 0.09814814814814815 0.14166666666666666
0 0.5416666666666666 0.274537037037037 0.12916666666666668 0.15833333333333333
0 0.4449074074074074 0.2199074074074074 0.05 0.17314814814814813
0 0.23981481481481481 0.47129629629629627 0.10740740740740741 0.19444444444444445
0 0.25787037037037036 0.6888888888888889 0.1111111111111111 0.3148148148148148
0 0.20601851851851852 0.18796296296296297 0.08611111111111111 0.1
0 0.30185185185185187 0.17314814814814813 0.0962962962962963 0.053703703703703705
0 0.34444444444444444 0.13657407407407407 0.08611111111111111 0.08981481481481482
0 0.40925925925925927 0.12268518518518519 0.05740740740740741 0.08796296296296297
0 0.47175925925925927 0.17777777777777778 0.04027777777777778 0.07777777777777778