0 0.36171875 0.9171875 0.14453125 0.1640625
0 0.15546875 0.61875 0.18828125 0.303125
0 0.734375 0.69296875 0.121875 0.303125
0 0.6875 0.89609375 0.1328125 0.20625
0 0.78359375 0.46953125 0.0625 0.190625
0 0.715625 0.5109375 0.08125 0.25546875
0 0.5234375 0.34140625 0.17421875 0.196875
0 0.5890625 0.2375 0.12265625 0.13828125
0 0.5578125 0.1515625 0.05859375 0.11796875
0 0.6109375 0.1234375 0.0671875 0.08828125
0 0.7359375 0.19375 0.09765625 0.0734375
0 0.4421875 0.325 0.03046875 0.09453125
0 0.48828125 0.27578125 0.07265625 0.071875