0 0.59453125 0.334375 0.06484375 0.23125
0 0.86875 0.68046875 0.1234375 0.34140625
0 0.89453125 0.63359375 0.13203125 0.328125
0 0.278125 0.69140625 0.1515625 0.33671875
0 0.23828125 0.4703125 0.109375 0.2015625
0 0.3734375 0.565625 0.1625 0.33046875
0 0.53828125 0.35546875 0.08828125 0.17109375
0 0.45859375 0.28359375 0.06875 0.13046875
0 0.4171875 0.14453125 0.06015625 0.11015625
0 0.390625 0.15234375 0.07421875 0.053125
0 0.4609375 0.16328125 0.06328125 0.096875
0 0.3 0.17265625 0.09921875 0.0453125
0 0.321875 0.13984375 0.08828125 0.0484375