0 0.15625 0.61015625 0.159375 0.23125
0 0.1625 0.57890625 0.0828125 0.159375
0 0.29296875 0.9109375 0.15078125 0.17578125
0 0.5421875 0.45234375 0.1265625 0.32109375
0 0.496875 0.35078125 0.07265625 0.12890625
0 0.540625 0.2859375 0.07421875 0.1359375
0 0.54296875 0.16171875 0.07265625 0.1015625
0 0.6046875 0.146875 0.09453125 0.05546875
0 0.69453125 0.1734375 0.09140625 0.05859375
0 0.784375 0.1921875 0.10390625 0.14375
0 0.8109375 0.1734375 0.03671875 0.07421875
0 0.778125 0.484375 0.08359375 0.234375
0 0.778125 0.365625 0.096875 0.18671875