0 0.53359375 0.6078125 0.23046875 0.2640625
0 0.253125 0.9265625 0.1203125 0.1453125
0 0.746875 0.55625 0.0984375 0.34296875
0 0.78515625 0.47890625 0.05390625 0.1890625
0 0.6734375 0.43828125 0.1203125 0.2109375
0 0.296875 0.409375 0.18828125 0.215625
0 0.125 0.609375 0.134375 0.35546875
0 0.10546875 0.69140625 0.05859375 0.209375
0 0.4203125 0.37734375 0.16640625 0.134375
0 0.35 0.3515625 0.14140625 0.184375
0 0.56328125 0.153125 0.09921875 0.11796875
0 0.61953125 0.13046875 0.065625 0.090625
0 0.665625 0.15703125 0.04765625 0.05546875
0 0.70078125 0.17109375 0.07109375 0.06953125
0 0.78359375 0.2109375 0.09609375 0.0765625