0 0.45234375 0.86640625 0.359375 0.21015625
0 0.15234375 0.68125 0.18359375 0.29140625
0 0.49765625 0.528125 0.12578125 0.29140625
0 0.38125 0.38828125 0.13046875 0.2234375
0 0.51640625 0.421875 0.16640625 0.1296875
0 0.5375 0.3484375 0.10234375 0.1109375
0 0.4453125 0.3265625 0.11640625 0.10390625
0 0.77734375 0.45546875 0.08125 0.2140625
0 0.790625 0.32578125 0.06796875 0.0984375
0 0.73984375 0.17109375 0.03515625 0.1265625
0 0.6859375 0.165625 0.08359375 0.071875
0 0.60625 0.1484375 0.09453125 0.05546875
0 0.61640625 0.10703125 0.053125 0.0546875
0 0.79296875 0.2015625 0.084375 0.0546875