0 0.6765625 0.40078125 0.1171875 0.215625
0 0.53203125 0.44140625 0.18671875 0.175
0 0.390625 0.428125 0.1015625 0.21953125
0 0.23203125 0.44921875 0.1625 0.31796875
0 0.1078125 0.634375 0.10390625 0.353125
0 0.29453125 0.91796875 0.35078125 0.16171875
0 0.77890625 0.45859375 0.07578125 0.196875
0 0.775 0.3390625 0.1 0.109375
0 0.78984375 0.2046875 0.09296875 0.15703125
0 0.68984375 0.1640625 0.065625 0.059375
0 0.63515625 0.12890625 0.0609375 0.09140625
0 0.584375 0.128125 0.0390625 0.09609375
0 0.53515625 0.34375 0.115625 0.11328125