0 0.34921875 0.384375 0.08515625 0.19921875
0 0.41953125 0.28359375 0.071875 0.209375
0 0.53984375 0.35859375 0.14765625 0.18359375
0 0.71875 0.46171875 0.16328125 0.20859375
0 0.56640625 0.525 0.21875 0.18359375
0 0.759375 0.3046875 0.1296875 0.06484375
0 0.79296875 0.39375 0.05390625 0.14921875
0 0.728125 0.378125 0.08046875 0.12578125
0 0.75234375 0.646875 0.09140625 0.26015625
0 0.6578125 0.70546875 0.1234375 0.3203125
0 0.6921875 0.8890625 0.13203125 0.2203125
0 0.309375 0.671875 0.18203125 0.3640625
0 0.25078125 0.59375 0.15078125 0.23515625
0 0.1390625 0.6578125 0.14296875 0.2640625