0 0.27578125 0.92109375 0.10625 0.15546875
0 0.10234375 0.6921875 0.0578125 0.153125
0 0.13828125 0.65546875 0.1578125 0.28046875
0 0.459375 0.571875 0.22734375 0.29296875
0 0.41953125 0.378125 0.15859375 0.15
0 0.51015625 0.18359375 0.04296875 0.13359375
0 0.44375 0.2375 0.0890625 0.15859375
0 0.59765625 0.12109375 0.08515625 0.08359375
0 0.6609375 0.1515625 0.0546875 0.07109375
0 0.69375 0.165625 0.0828125 0.07890625
0 0.78359375 0.209375 0.09609375 0.06953125
0 0.7734375 0.48359375 0.08046875 0.20390625
0 0.70234375 0.41640625 0.11953125 0.23203125
0 0.665625 0.4203125 0.09453125 0.18125
0 0.5015625 0.24609375 0.04609375 0.15546875