0 0.36640625 0.52890625 0.18125 0.30859375
0 0.3375 0.8125 0.15859375 0.35078125
0 0.25390625 0.69375 0.10546875 0.31640625
0 0.23515625 0.471875 0.09921875 0.20859375
0 0.63203125 0.3234375 0.15703125 0.2
0 0.7625 0.44921875 0.12578125 0.16953125
0 0.77109375 0.6015625 0.159375 0.18671875
0 0.83046875 0.67265625 0.22578125 0.1859375
0 0.86875 0.64921875 0.12734375 0.3515625
0 0.4171875 0.18125 0.059375 0.1640625
0 0.46171875 0.1734375 0.06015625 0.08203125
0 0.30390625 0.175 0.10546875 0.06640625
0 0.20546875 0.20703125 0.078125 0.0890625