0 0.7180555555555556 0.6402777777777777 0.13657407407407407 0.36944444444444446
0 0.7592592592592593 0.5601851851851852 0.08194444444444444 0.17407407407407408
0 0.5648148148148148 0.26064814814814813 0.1425925925925926 0.1935185185185185
0 0.42407407407407405 0.15185185185185185 0.038425925925925926 0.12407407407407407
0 0.24027777777777778 0.2037037037037037 0.11342592592592593 0.07592592592592592
0 0.20787037037037037 0.39814814814814814 0.055092592592592596 0.16666666666666666
0 0.26296296296296295 0.375 0.0587962962962963 0.12037037037037036
0 0.2800925925925926 0.47129629629629627 0.1638888888888889 0.2111111111111111
0 0.35648148148148145 0.5416666666666666 0.15462962962962962 0.3537037037037037
0 0.4708333333333333 0.5615740740740741 0.1375 0.18796296296296297
0 0.3398148148148148 0.8842592592592593 0.11388888888888889 0.22962962962962963
0 0.5662037037037037 0.8263888888888888 0.14953703703703702 0.3453703703703704
0 0.8569444444444444 0.7018518518518518 0.13240740740740742 0.2814814814814815
0 0.8717592592592592 0.6402777777777777 0.14444444444444443 0.26944444444444443