0 0.6765625 0.759375 0.1828125 0.40625
0 0.86328125 0.6453125 0.15546875 0.33359375
0 0.8953125 0.6 0.1171875 0.27578125
0 0.44453125 0.35 0.10078125 0.159375
0 0.23046875 0.465625 0.0921875 0.21953125
0 0.31328125 0.32890625 0.08828125 0.1734375
0 0.228125 0.3359375 0.1 0.10625
0 0.453125 0.16875 0.06640625 0.07890625
0 0.39765625 0.11640625 0.05625 0.10859375
0 0.36015625 0.20859375 0.03984375 0.165625
0 0.303125 0.125 0.0828125 0.07578125
0 0.2484375 0.21796875 0.11328125 0.11796875
0 0.18359375 0.2109375 0.028125 0.05703125
0 0.31484375 0.1640625 0.07109375 0.059375