0 0.59140625 0.428125 0.14296875 0.23125
0 0.6828125 0.734375 0.17421875 0.38671875
0 0.6609375 0.925 0.12265625 0.1484375
0 0.390625 0.62421875 0.27734375 0.28671875
0 0.8109375 0.596875 0.09921875 0.20859375
0 0.89375 0.68046875 0.08359375 0.22421875
0 0.34609375 0.43203125 0.20703125 0.2453125
0 0.43515625 0.36640625 0.11640625 0.196875
0 0.34921875 0.26171875 0.10546875 0.12578125
0 0.396875 0.134375 0.084375 0.09453125
0 0.20859375 0.40546875 0.05859375 0.18984375
0 0.25859375 0.3765625 0.053125 0.12890625
0 0.2453125 0.515625 0.07109375 0.15625
0 0.8953125 0.77265625 0.0546875 0.14921875