0 0.6125 0.703125 0.26875 0.23125
0 0.6171875 0.8328125 0.228125 0.33203125
0 0.39765625 0.42578125 0.17734375 0.2140625
0 0.625 0.3375 0.06640625 0.203125
0 0.2640625 0.40859375 0.14609375 0.190625
0 0.171875 0.5078125 0.14921875 0.19140625
0 0.0984375 0.66171875 0.07890625 0.28515625
0 0.18359375 0.7265625 0.178125 0.2734375
0 0.78125 0.475 0.07421875 0.21875
0 0.71640625 0.4515625 0.10703125 0.18828125
0 0.6828125 0.38671875 0.0859375 0.1703125
0 0.6046875 0.1234375 0.09140625 0.0890625
0 0.69765625 0.17421875 0.103125 0.06328125
0 0.79453125 0.20390625 0.07734375 0.09375