0 0.6140625 0.70625 0.2640625 0.2359375
0 0.3109375 0.4390625 0.1703125 0.20859375
0 0.615625 0.8546875 0.228125 0.2890625
0 0.16015625 0.6765625 0.1765625 0.32109375
0 0.1015625 0.60234375 0.15 0.27890625
0 0.7109375 0.58359375 0.159375 0.434375
0 0.58984375 0.2296875 0.07890625 0.15390625
0 0.596875 0.1203125 0.0953125 0.09453125
0 0.6984375 0.178125 0.10078125 0.0703125
0 0.7953125 0.20390625 0.07265625 0.084375
0 0.78828125 0.471875 0.05703125 0.20859375
0 0.740625 0.43515625 0.06328125 0.140625
0 0.70625 0.3484375 0.10546875 0.11796875
0 0.71015625 0.58671875 0.1515625 0.21328125