0 0.7078125 0.74140625 0.12109375 0.42890625
0 0.59296875 0.96640625 0.33828125 0.06484375
0 0.3265625 0.81640625 0.13984375 0.36171875
0 0.259375 0.67890625 0.11171875 0.29140625
0 0.7734375 0.48828125 0.1078125 0.275
0 0.884375 0.603125 0.146875 0.29609375
0 0.890625 0.63828125 0.10859375 0.3109375
0 0.4578125 0.171875 0.0703125 0.0859375
0 0.3640625 0.12109375 0.04609375 0.09296875
0 0.30390625 0.17734375 0.11015625 0.11953125
0 0.20390625 0.2046875 0.0734375 0.08359375
0 0.30859375 0.4125 0.06640625 0.23046875
0 0.23828125 0.46640625 0.10390625 0.19453125