0 0.28046875 0.52265625 0.18828125 0.2953125
0 0.521875 0.51171875 0.18203125 0.3015625
0 0.7484375 0.44453125 0.1515625 0.240625
0 0.8546875 0.5640625 0.08515625 0.1609375
0 0.90078125 0.7296875 0.0765625 0.1703125
0 0.53671875 0.41953125 0.18984375 0.18359375
0 0.4375 0.29375 0.14453125 0.10703125
0 0.21171875 0.45390625 0.05703125 0.16484375
0 0.36640625 0.19296875 0.115625 0.13515625
0 0.45859375 0.18359375 0.0953125 0.14296875
0 0.3328125 0.14296875 0.08125 0.10625
0 0.7265625 0.9234375 0.13359375 0.15078125
0 0.48984375 0.378125 0.13671875 0.140625