0 0.69140625 0.65234375 0.21328125 0.25625
0 0.5703125 0.896875 0.11640625 0.20390625
0 0.45625 0.83359375 0.1015625 0.33046875
0 0.3 0.89296875 0.22890625 0.21328125
0 0.1171875 0.6390625 0.19296875 0.2234375
0 0.5109375 0.5515625 0.1703125 0.28359375
0 0.5640625 0.365625 0.1140625 0.196875
0 0.71328125 0.490625 0.209375 0.178125
0 0.778125 0.38828125 0.10078125 0.1546875
0 0.6984375 0.37265625 0.09921875 0.0734375
0 0.6640625 0.36796875 0.05390625 0.10546875
0 0.73046875 0.1703125 0.05078125 0.13125
0 0.671875 0.146875 0.07265625 0.09609375
0 0.60625 0.13046875 0.0703125 0.09296875
0 0.5765625 0.14453125 0.11015625 0.11015625