0 0.303125 0.903125 0.1734375 0.19296875
0 0.2984375 0.67890625 0.16015625 0.2609375
0 0.1359375 0.65546875 0.1578125 0.28046875
0 0.375 0.4109375 0.14453125 0.221875
0 0.440625 0.22265625 0.11171875 0.146875
0 0.49921875 0.34296875 0.121875 0.10078125
0 0.59765625 0.11953125 0.05703125 0.10078125
0 0.66640625 0.4359375 0.09765625 0.20546875
0 0.7296875 0.72109375 0.12578125 0.32890625
0 0.76953125 0.47890625 0.08828125 0.190625
0 0.74296875 0.3859375 0.07109375 0.24140625
0 0.778125 0.20703125 0.08359375 0.07421875
0 0.7015625 0.16796875 0.0703125 0.07421875
0 0.65546875 0.15625 0.07578125 0.0703125