0 0.6754629629629629 0.7472222222222222 0.14537037037037037 0.4703703703703704
0 0.43425925925925923 0.5208333333333334 0.2212962962962963 0.1824074074074074
0 0.23981481481481481 0.39814814814814814 0.11157407407407408 0.1648148148148148
0 0.5055555555555555 0.2273148148148148 0.11990740740740741 0.13796296296296295
0 0.41898148148148145 0.1476851851851852 0.09722222222222222 0.10833333333333334
0 0.29398148148148145 0.16527777777777777 0.07037037037037037 0.11574074074074074
0 0.30277777777777776 0.17916666666666667 0.08888888888888889 0.05648148148148148
0 0.36203703703703705 0.15648148148148147 0.03194444444444444 0.044444444444444446
0 0.24444444444444444 0.28703703703703703 0.14953703703703702 0.08333333333333333
0 0.2662037037037037 0.6259259259259259 0.10972222222222222 0.30185185185185187
0 0.3074074074074074 0.8787037037037037 0.14074074074074075 0.24074074074074073
0 0.7402777777777778 0.5768518518518518 0.11018518518518519 0.26296296296296295
0 0.8601851851851852 0.5416666666666666 0.16157407407407406 0.18518518518518517
0 0.887962962962963 0.6287037037037037 0.07453703703703704 0.13518518518518519