0 0.300462962962963 0.8199074074074074 0.12314814814814815 0.35833333333333334
0 0.8712962962962963 0.6472222222222223 0.06759259259259259 0.17037037037037037
0 0.8902777777777777 0.6754629629629629 0.10092592592592593 0.36944444444444446
0 0.6699074074074074 0.37962962962962965 0.0787037037037037 0.22037037037037038
0 0.5611111111111111 0.3800925925925926 0.09722222222222222 0.275
0 0.36157407407407405 0.40324074074074073 0.07824074074074074 0.24351851851851852
0 0.275 0.45601851851851855 0.09259259259259259 0.18055555555555555
0 0.2199074074074074 0.4847222222222222 0.06944444444444445 0.20833333333333334
0 0.43333333333333335 0.15925925925925927 0.08981481481481482 0.11481481481481481
0 0.39537037037037037 0.1486111111111111 0.08842592592592592 0.058333333333333334
0 0.3578703703703704 0.1476851851851852 0.06620370370370371 0.07314814814814814
0 0.2777777777777778 0.18888888888888888 0.0962962962962963 0.07037037037037037
0 0.23981481481481481 0.19490740740740742 0.09583333333333334 0.075
0 0.32592592592592595 0.14537037037037037 0.0699074074074074 0.06851851851851852