0 0.2234375 0.48125 0.07578125 0.2046875
0 0.30546875 0.46171875 0.11640625 0.228125
0 0.37109375 0.4140625 0.09765625 0.2453125
0 0.2375 0.17421875 0.0921875 0.10078125
0 0.3953125 0.13984375 0.07421875 0.0890625
0 0.38125 0.77734375 0.33203125 0.3265625
0 0.30703125 0.78125 0.11953125 0.31796875
0 0.625 0.36796875 0.07421875 0.125
0 0.71328125 0.45390625 0.13671875 0.29375
0 0.79296875 0.58515625 0.15 0.2703125
0 0.90078125 0.60390625 0.09765625 0.171875
0 0.903125 0.71796875 0.08515625 0.22578125
0 0.34375 0.915625 0.1421875 0.16640625
0 0.73984375 0.92265625 0.1078125 0.153125