0 0.42685185185185187 0.9041666666666667 0.16712962962962963 0.18981481481481483
0 0.48333333333333334 0.7967592592592593 0.2865740740740741 0.287962962962963
0 0.17222222222222222 0.587037037037037 0.08287037037037037 0.1537037037037037
0 0.11898148148148148 0.5689814814814815 0.17546296296296296 0.23796296296296296
0 0.3736111111111111 0.3476851851851852 0.06712962962962964 0.20833333333333334
0 0.6578703703703703 0.6222222222222222 0.2796296296296296 0.3314814814814815
0 0.6300925925925925 0.4310185185185185 0.15694444444444444 0.21944444444444444
0 0.6916666666666667 0.41388888888888886 0.16018518518518518 0.18518518518518517
0 0.7435185185185185 0.36944444444444446 0.14444444444444443 0.27037037037037037
0 0.7601851851851852 0.2953703703703704 0.1412037037037037 0.18703703703703703
0 0.5935185185185186 0.30092592592592593 0.125 0.19074074074074074
0 0.5564814814814815 0.20879629629629629 0.07175925925925926 0.16203703703703703
0 0.5435185185185185 0.1398148148148148 0.04027777777777778 0.0962962962962963
0 0.6092592592592593 0.1486111111111111 0.08009259259259259 0.05648148148148148
0 0.24259259259259258 0.9254629629629629 0.10046296296296296 0.14722222222222223