0 0.43984375 0.8140625 0.19375 0.36953125
0 0.640625 0.75390625 0.1671875 0.44921875
0 0.15 0.69609375 0.16796875 0.23359375
0 0.10546875 0.62421875 0.18515625 0.178125
0 0.27421875 0.484375 0.096875 0.23671875
0 0.5671875 0.2984375 0.10859375 0.203125
0 0.50859375 0.228125 0.13046875 0.14453125
0 0.7046875 0.49453125 0.20625 0.246875
0 0.73046875 0.390625 0.15078125 0.15859375
0 0.75234375 0.29375 0.128125 0.2046875
0 0.60390625 0.15 0.08671875 0.0515625
0 0.7484375 0.18359375 0.06328125 0.08671875
0 0.796875 0.16953125 0.0828125 0.10546875