0 0.615625 0.83203125 0.16796875 0.334375
0 0.2921875 0.565625 0.1921875 0.41640625
0 0.5734375 0.603125 0.21796875 0.253125
0 0.59296875 0.453125 0.14453125 0.28828125
0 0.83828125 0.69921875 0.17890625 0.259375
0 0.88359375 0.625 0.16796875 0.2296875
0 0.48359375 0.2296875 0.128125 0.140625
0 0.5921875 0.27109375 0.09453125 0.16171875
0 0.26328125 0.41484375 0.15078125 0.18671875
0 0.38984375 0.1484375 0.07890625 0.06015625
0 0.2453125 0.28359375 0.13203125 0.1640625
0 0.24765625 0.20625 0.03671875 0.08203125
0 0.259375 0.1765625 0.07734375 0.08046875
0 0.31953125 0.40859375 0.06796875 0.18203125
0 0.72578125 0.95546875 0.1359375 0.08828125