0 0.58984375 0.81640625 0.26328125 0.36484375
0 0.28203125 0.89609375 0.13515625 0.20625
0 0.2734375 0.66796875 0.16875 0.31640625
0 0.14921875 0.690625 0.16875 0.2953125
0 0.11328125 0.65703125 0.13515625 0.26875
0 0.271875 0.50078125 0.1390625 0.26796875
0 0.33984375 0.39609375 0.15546875 0.16484375
0 0.53125 0.16640625 0.06171875 0.1296875
0 0.80390625 0.18046875 0.06875 0.121875
0 0.69609375 0.81015625 0.125 0.378125
0 0.68515625 0.41640625 0.07890625 0.1640625
0 0.7125 0.5796875 0.2125 0.26640625
0 0.73984375 0.4125 0.059375 0.10625
0 0.7859375 0.48203125 0.05859375 0.19921875