0 0.6921875 0.790625 0.11015625 0.41640625
0 0.32890625 0.80859375 0.13828125 0.346875
0 0.7640625 0.48359375 0.08828125 0.2703125
0 0.803125 0.65390625 0.1328125 0.2109375
0 0.87890625 0.64375 0.13203125 0.34921875
0 0.46015625 0.171875 0.06328125 0.0859375
0 0.41640625 0.14609375 0.09765625 0.115625
0 0.3734375 0.11953125 0.04453125 0.075
0 0.30234375 0.17578125 0.10234375 0.06015625
0 0.2046875 0.20546875 0.0734375 0.078125
0 0.3203125 0.39453125 0.12109375 0.2015625
0 0.234375 0.46953125 0.09765625 0.1984375
0 0.26171875 0.69453125 0.1078125 0.28828125