0 0.5578125 0.3640625 0.18515625 0.17109375
0 0.59609375 0.53828125 0.11328125 0.35390625
0 0.7078125 0.68046875 0.153125 0.328125
0 0.81015625 0.60390625 0.07578125 0.09609375
0 0.8640625 0.64921875 0.15390625 0.25703125
0 0.43203125 0.88125 0.16953125 0.2359375
0 0.2921875 0.48203125 0.1546875 0.25546875
0 0.4140625 0.5703125 0.23046875 0.19296875
0 0.21171875 0.4125 0.06015625 0.1859375
0 0.271875 0.3765625 0.08359375 0.13046875
0 0.3375 0.21875 0.1515625 0.146875
0 0.42734375 0.18984375 0.10625 0.1296875
0 0.43046875 0.1109375 0.040625 0.06484375
0 0.4671875 0.13046875 0.046875 0.06328125
0 0.5265625 0.22109375 0.06640625 0.13359375