0 0.8555555555555555 0.5902777777777778 0.22037037037037038 0.30833333333333335
0 0.8902777777777777 0.5638888888888889 0.14722222222222223 0.23703703703703705
0 0.6717592592592593 0.7467592592592592 0.17592592592592593 0.38981481481481484
0 0.3402777777777778 0.6694444444444444 0.23842592592592593 0.38333333333333336
0 0.4449074074074074 0.34953703703703703 0.10277777777777777 0.1527777777777778
0 0.23055555555555557 0.4666666666666667 0.09444444444444444 0.22592592592592592
0 0.4546296296296296 0.1699074074074074 0.06851851851851852 0.07685185185185185
0 0.3962962962962963 0.12175925925925926 0.04027777777777778 0.08796296296296297
0 0.3013888888888889 0.2962962962962963 0.05277777777777778 0.17777777777777778
0 0.22777777777777777 0.3416666666666667 0.10046296296296296 0.11666666666666667
0 0.24722222222222223 0.21851851851851853 0.10046296296296296 0.1111111111111111
0 0.3138888888888889 0.16712962962962963 0.09490740740740741 0.058333333333333334
0 0.2662037037037037 0.13842592592592592 0.08287037037037037 0.06944444444444445
0 0.18194444444444444 0.21296296296296297 0.038425925925925926 0.053703703703703705