0 0.37407407407407406 0.13287037037037036 0.08611111111111111 0.11203703703703703
0 0.6518518518518519 0.37222222222222223 0.1287037037037037 0.1685185185185185
0 0.19583333333333333 0.2657407407407407 0.06666666666666667 0.1037037037037037
0 0.2222222222222222 0.31851851851851853 0.11296296296296296 0.07592592592592592
0 0.20324074074074075 0.4101851851851852 0.06805555555555555 0.18888888888888888
0 0.27870370370370373 0.3962962962962963 0.08842592592592592 0.15185185185185185
0 0.3277777777777778 0.4666666666666667 0.2013888888888889 0.1574074074074074
0 0.42314814814814816 0.5268518518518519 0.21342592592592594 0.15555555555555556
0 0.25092592592592594 0.6800925925925926 0.11527777777777778 0.30462962962962964
0 0.35694444444444445 0.8282407407407407 0.1925925925925926 0.3416666666666667
0 0.3680555555555556 0.6226851851851852 0.23425925925925925 0.19166666666666668
0 0.6180555555555556 0.8935185185185185 0.18333333333333332 0.2111111111111111
0 0.8412037037037037 0.6402777777777777 0.18009259259259258 0.24537037037037038
0 0.8342592592592593 0.7027777777777777 0.1712962962962963 0.2759259259259259
0 0.6282407407407408 0.5893518518518519 0.2671296296296296 0.28425925925925927