0 0.7546875 0.56875 0.125 0.22890625
0 0.87421875 0.65703125 0.13828125 0.27578125
0 0.6640625 0.90703125 0.24296875 0.18359375
0 0.41875 0.53046875 0.22890625 0.153125
0 0.53125 0.4203125 0.14921875 0.11875
0 0.63125 0.44375 0.13125 0.20546875
0 0.25625 0.6484375 0.109375 0.2515625
0 0.278125 0.44609375 0.18984375 0.33515625
0 0.25546875 0.38203125 0.14609375 0.21015625
0 0.2171875 0.27421875 0.08046875 0.15078125
0 0.21328125 0.20625 0.08359375 0.075
0 0.28671875 0.16875 0.06171875 0.078125
0 0.33671875 0.13671875 0.03984375 0.09453125
0 0.3828125 0.14140625 0.05859375 0.06875