0 0.2657407407407407 0.9087962962962963 0.10972222222222222 0.18055555555555555
0 0.6888888888888889 0.8902777777777777 0.1259259259259259 0.2175925925925926
0 0.11481481481481481 0.7078703703703704 0.11805555555555555 0.21388888888888888
0 0.16203703703703703 0.562962962962963 0.11666666666666667 0.11481481481481481
0 0.3435185185185185 0.4023148148148148 0.11712962962962963 0.19537037037037036
0 0.48055555555555557 0.3333333333333333 0.16018518518518518 0.12777777777777777
0 0.4203703703703704 0.2611111111111111 0.08888888888888889 0.15185185185185185
0 0.5962962962962963 0.22962962962962963 0.1388888888888889 0.14444444444444443
0 0.5861111111111111 0.12962962962962962 0.08981481481481482 0.08333333333333333
0 0.7152777777777778 0.18333333333333332 0.04953703703703704 0.11296296296296296
0 0.6851851851851852 0.1412037037037037 0.09027777777777778 0.08611111111111111
0 0.7819444444444444 0.4722222222222222 0.0625 0.18518518518518517
0 0.7300925925925926 0.4699074074074074 0.0837962962962963 0.2916666666666667
0 0.6541666666666667 0.49907407407407406 0.08148148148148149 0.35185185185185186
0 0.7203703703703703 0.6833333333333333 0.1486111111111111 0.29074074074074074