0 0.60546875 0.30390625 0.08359375 0.2046875
0 0.4359375 0.52109375 0.2328125 0.18125
0 0.328125 0.14453125 0.08046875 0.096875
0 0.3921875 0.15703125 0.07578125 0.04453125
0 0.44375 0.16015625 0.040625 0.1296875
0 0.21015625 0.196875 0.09609375 0.10859375
0 0.2453125 0.29375 0.14140625 0.08828125
0 0.21484375 0.40390625 0.0703125 0.17890625
0 0.2671875 0.63359375 0.1078125 0.30703125
0 0.30390625 0.89609375 0.13828125 0.20625
0 0.75 0.5953125 0.12421875 0.26328125
0 0.865625 0.5984375 0.06015625 0.1515625