0 0.6143518518518518 0.7060185185185185 0.2638888888888889 0.2361111111111111
0 0.3111111111111111 0.4393518518518518 0.17037037037037037 0.20833333333333334
0 0.6157407407407407 0.8546296296296296 0.22824074074074074 0.28888888888888886
0 0.16018518518518518 0.6763888888888889 0.1763888888888889 0.3212962962962963
0 0.10138888888888889 0.6023148148148149 0.15 0.27870370370370373
0 0.7111111111111111 0.5837962962962963 0.15925925925925927 0.43425925925925923
0 0.5898148148148148 0.22962962962962963 0.0787037037037037 0.1537037037037037
0 0.5967592592592592 0.12037037037037036 0.09537037037037037 0.09444444444444444
0 0.6981481481481482 0.17777777777777778 0.10046296296296296 0.07037037037037037
0 0.7953703703703704 0.20416666666666666 0.07314814814814814 0.08425925925925926
0 0.788425925925926 0.47175925925925927 0.05740740740740741 0.20833333333333334
0 0.7407407407407407 0.4351851851851852 0.06342592592592593 0.14074074074074075
0 0.7064814814814815 0.3486111111111111 0.1050925925925926 0.1175925925925926
0 0.7101851851851851 0.587037037037037 0.15138888888888888 0.21296296296296297