0 0.21953125 0.21171875 0.11484375 0.1609375
0 0.30234375 0.175 0.06171875 0.07421875
0 0.3421875 0.15546875 0.06171875 0.071875
0 0.25 0.60546875 0.0921875 0.3390625
0 0.22109375 0.46328125 0.065625 0.1640625
0 0.2625 0.396875 0.0734375 0.2453125
0 0.33203125 0.43984375 0.10625 0.21484375
0 0.578125 0.37421875 0.16015625 0.15625
0 0.73125 0.91953125 0.10546875 0.159375
0 0.87578125 0.59609375 0.13984375 0.34921875
0 0.89375 0.66328125 0.059375 0.146875
0 0.675 0.3875 0.12578125 0.215625
0 0.3984375 0.1265625 0.0296875 0.08203125
0 0.42421875 0.15234375 0.04921875 0.115625