0 0.63984375 0.71796875 0.2921875 0.359375
0 0.3296875 0.88125 0.18828125 0.23515625
0 0.68125 0.5625 0.19453125 0.32109375
0 0.775 0.484375 0.07734375 0.1984375
0 0.6890625 0.39609375 0.0953125 0.13828125
0 0.475 0.5296875 0.16796875 0.20703125
0 0.421875 0.3796875 0.16796875 0.1390625
0 0.3515625 0.3578125 0.15390625 0.2140625
0 0.21015625 0.7109375 0.259375 0.2734375
0 0.15 0.6609375 0.14296875 0.30703125
0 0.2375 0.5078125 0.096875 0.103125
0 0.53671875 0.15390625 0.0640625 0.12890625
0 0.77890625 0.21015625 0.09921875 0.0796875
0 0.65703125 0.15390625 0.06796875 0.071875
0 0.6078125 0.14609375 0.06796875 0.06328125