0 0.51328125 0.1890625 0.04375 0.171875
0 0.5890625 0.12890625 0.034375 0.103125
0 0.703125 0.15625 0.0953125 0.1
0 0.79765625 0.2609375 0.07109375 0.09140625
0 0.7734375 0.31875 0.1234375 0.08203125
0 0.7921875 0.41015625 0.05390625 0.19296875
0 0.73203125 0.38984375 0.075 0.15
0 0.71640625 0.47421875 0.159375 0.215625
0 0.57109375 0.52890625 0.21640625 0.1765625
0 0.63671875 0.6109375 0.20859375 0.18203125
0 0.7359375 0.70625 0.11953125 0.321875
0 0.6296875 0.81953125 0.20390625 0.359375
0 0.15859375 0.646875 0.19296875 0.25625
0 0.16875 0.71171875 0.19453125 0.2859375