0 0.711574074074074 0.6666666666666666 0.15925925925925927 0.37037037037037035
0 0.8601851851851852 0.6759259259259259 0.16018518518518518 0.29259259259259257
0 0.2712962962962963 0.6421296296296296 0.16712962962962963 0.3175925925925926
0 0.22453703703703703 0.44814814814814813 0.08472222222222223 0.17777777777777778
0 0.49074074074074076 0.42592592592592593 0.20046296296296295 0.14074074074074075
0 0.575 0.35694444444444445 0.15416666666666667 0.16018518518518518
0 0.42916666666666664 0.34444444444444444 0.13333333333333333 0.1388888888888889
0 0.38657407407407407 0.24675925925925926 0.11388888888888889 0.1824074074074074
0 0.4527777777777778 0.15231481481481482 0.05185185185185185 0.1175925925925926
0 0.39490740740740743 0.13842592592592592 0.08055555555555556 0.10648148148148148
0 0.21851851851851853 0.20925925925925926 0.11805555555555555 0.13148148148148148
0 0.30324074074074076 0.17916666666666667 0.07916666666666666 0.05648148148148148
0 0.3699074074074074 0.11666666666666667 0.055092592592592596 0.09259259259259259