0 0.31484375 0.9109375 0.20546875 0.17578125
0 0.16875 0.7078125 0.22421875 0.2265625
0 0.146875 0.596875 0.14765625 0.1859375
0 0.68828125 0.89375 0.12578125 0.21015625
0 0.72109375 0.68828125 0.14921875 0.29453125
0 0.775 0.45703125 0.07109375 0.20625
0 0.703125 0.52890625 0.1 0.26875
0 0.54453125 0.50390625 0.215625 0.20703125
0 0.425 0.34140625 0.04453125 0.0984375
0 0.2875 0.40078125 0.15078125 0.2265625
0 0.64765625 0.16953125 0.04375 0.08984375
0 0.6328125 0.3046875 0.15859375 0.18515625
0 0.49609375 0.3015625 0.1296875 0.146875
0 0.7359375 0.19140625 0.0984375 0.065625