0 0.6259259259259259 0.13287037037037036 0.08611111111111111 0.11203703703703703
0 0.34814814814814815 0.37222222222222223 0.1287037037037037 0.1685185185185185
0 0.8041666666666667 0.2657407407407407 0.06666666666666667 0.1037037037037037
0 0.7777777777777778 0.31851851851851853 0.11296296296296296 0.07592592592592592
0 0.7967592592592593 0.4101851851851852 0.06805555555555555 0.18888888888888888
0 0.7212962962962963 0.3962962962962963 0.08842592592592592 0.15185185185185185
0 0.6722222222222223 0.4666666666666667 0.2013888888888889 0.1574074074074074
0 0.5768518518518518 0.5268518518518519 0.21342592592592594 0.15555555555555556
0 0.7490740740740741 0.6800925925925926 0.11527777777777778 0.30462962962962964
0 0.6430555555555556 0.8282407407407407 0.1925925925925926 0.3416666666666667
0 0.6319444444444444 0.6226851851851852 0.23425925925925925 0.19166666666666668
0 0.3819444444444444 0.8935185185185185 0.18333333333333332 0.2111111111111111
0 0.1587962962962963 0.6402777777777777 0.18009259259259258 0.24537037037037038
0 0.16574074074074074 0.7027777777777777 0.1712962962962963 0.2759259259259259
0 0.37175925925925923 0.5893518518518519 0.2671296296296296 0.28425925925925927