0 0.46328125 0.315625 0.06328125 0.1890625
0 0.45546875 0.21796875 0.12265625 0.17578125
0 0.7625 0.30703125 0.125 0.0734375
0 0.79375 0.396875 0.0546875 0.16875
0 0.7375 0.35859375 0.06640625 0.1140625
0 0.71484375 0.44296875 0.16015625 0.171875
0 0.76796875 0.6328125 0.0984375 0.296875
0 0.5671875 0.525 0.22421875 0.18671875
0 0.67421875 0.6875 0.11953125 0.29375
0 0.6546875 0.88671875 0.09609375 0.225
0 0.36171875 0.896875 0.24140625 0.2046875
0 0.2609375 0.59453125 0.17890625 0.25546875
0 0.1421875 0.6515625 0.13515625 0.26796875
0 0.09375 0.7203125 0.07734375 0.209375