0 0.57734375 0.859375 0.28125 0.27890625
0 0.30703125 0.940625 0.23984375 0.11640625
0 0.07578125 0.6015625 0.15078125 0.16484375
0 0.55859375 0.59921875 0.103125 0.328125
0 0.54765625 0.3515625 0.10390625 0.18515625
0 0.4609375 0.23671875 0.1015625 0.16875
0 0.61171875 0.13046875 0.06328125 0.08828125
0 0.665625 0.14609375 0.06328125 0.090625
0 0.79453125 0.27578125 0.04765625 0.1796875
0 0.7484375 0.2734375 0.06640625 0.14609375
0 0.7375 0.41171875 0.1625 0.1546875
0 0.73203125 0.59921875 0.13515625 0.278125
0 0.70078125 0.52421875 0.13671875 0.24140625
0 0.671875 0.39140625 0.103125 0.15