0 0.7203703703703703 0.6375 0.1300925925925926 0.3212962962962963
0 0.4236111111111111 0.29907407407407405 0.07546296296296297 0.19814814814814816
0 0.23935185185185184 0.20601851851851852 0.10787037037037037 0.07685185185185185
0 0.2064814814814815 0.3958333333333333 0.05277777777777778 0.16203703703703703
0 0.2587962962962963 0.3800925925925926 0.0625 0.13796296296296295
0 0.2796296296296296 0.4722222222222222 0.16157407407407406 0.2111111111111111
0 0.3662037037037037 0.5152777777777777 0.16342592592592592 0.28425925925925927
0 0.425 0.6861111111111111 0.23981481481481481 0.2722222222222222
0 0.3175925925925926 0.8912037037037037 0.1425925925925926 0.21574074074074073
0 0.6305555555555555 0.899074074074074 0.2875 0.2
0 0.8555555555555555 0.700462962962963 0.13194444444444445 0.275
0 0.8675925925925926 0.6439814814814815 0.1412037037037037 0.2657407407407407
0 0.7518518518518519 0.5546296296296296 0.09953703703703703 0.1425925925925926