0 0.5305555555555556 0.41574074074074074 0.175 0.1388888888888889
0 0.749537037037037 0.5717592592592593 0.15092592592592594 0.23796296296296296
0 0.6611111111111111 0.8986111111111111 0.2199074074074074 0.20092592592592592
0 0.41944444444444445 0.5305555555555556 0.2324074074074074 0.14629629629629629
0 0.25092592592592594 0.6268518518518519 0.12546296296296297 0.3055555555555556
0 0.39351851851851855 0.3472222222222222 0.1527777777777778 0.1925925925925926
0 0.2550925925925926 0.4097222222222222 0.14907407407407408 0.2361111111111111
0 0.4532407407407407 0.18333333333333332 0.07685185185185185 0.17037037037037037
0 0.43287037037037035 0.10787037037037037 0.05 0.07685185185185185
0 0.38287037037037036 0.1259259259259259 0.0375 0.09259259259259259
0 0.29953703703703705 0.15092592592592594 0.09027777777777778 0.0962962962962963
0 0.2074074074074074 0.18287037037037038 0.07916666666666666 0.09907407407407408
0 0.19953703703703704 0.32083333333333336 0.05648148148148148 0.18425925925925926