0 0.63046875 0.778125 0.26171875 0.2734375
0 0.38984375 0.77890625 0.2484375 0.275
0 0.25 0.4953125 0.12578125 0.240625
0 0.10703125 0.690625 0.1609375 0.2140625
0 0.4859375 0.59609375 0.1890625 0.23828125
0 0.4734375 0.228125 0.0671875 0.15078125
0 0.61484375 0.15546875 0.10390625 0.11171875
0 0.64296875 0.25859375 0.13046875 0.16484375
0 0.75234375 0.28671875 0.09921875 0.16953125
0 0.7703125 0.48984375 0.10703125 0.290625
0 0.67578125 0.52734375 0.1875 0.3359375
0 0.721875 0.41328125 0.1015625 0.1265625
0 0.6828125 0.384375 0.06484375 0.1234375