0 0.28888888888888886 0.8166666666666667 0.1550925925925926 0.3648148148148148
0 0.6986111111111111 0.9273148148148148 0.2884259259259259 0.14351851851851852
0 0.7134259259259259 0.6166666666666667 0.10787037037037037 0.3685185185185185
0 0.5837962962962963 0.4046296296296296 0.08472222222222223 0.24444444444444444
0 0.6638888888888889 0.3912037037037037 0.12638888888888888 0.15092592592592594
0 0.5101851851851852 0.2828703703703704 0.12407407407407407 0.18425925925925926
0 0.4699074074074074 0.16342592592592592 0.06296296296296296 0.10092592592592593
0 0.3976851851851852 0.12361111111111112 0.06712962962962964 0.10462962962962963
0 0.22037037037037038 0.47314814814814815 0.07037037037037037 0.18518518518518517
0 0.32175925925925924 0.5430555555555555 0.23425925925925925 0.2675925925925926
0 0.2550925925925926 0.4125 0.04722222222222222 0.10277777777777777
0 0.31157407407407406 0.3861111111111111 0.07175925925925926 0.09444444444444444
0 0.8643518518518518 0.6453703703703704 0.08611111111111111 0.18518518518518517
0 0.8805555555555555 0.6671296296296296 0.10740740740740741 0.287962962962963
0 0.7828703703703703 0.537962962962963 0.09212962962962963 0.14814814814814814