0 0.3814814814814815 0.8287037037037037 0.22962962962962963 0.34074074074074073
0 0.3861111111111111 0.6990740740740741 0.2708333333333333 0.2111111111111111
0 0.7578703703703704 0.6273148148148148 0.1675925925925926 0.2212962962962963
0 0.774537037037037 0.5305555555555556 0.21851851851851853 0.18703703703703703
0 0.8907407407407407 0.6620370370370371 0.10694444444444444 0.31296296296296294
0 0.7870370370370371 0.42314814814814816 0.1449074074074074 0.1388888888888889
0 0.6486111111111111 0.41388888888888886 0.10555555555555556 0.20925925925925926
0 0.39490740740740743 0.12777777777777777 0.08796296296296297 0.07962962962962963
0 0.35648148148148145 0.3439814814814815 0.10092592592592593 0.19537037037037036
0 0.30092592592592593 0.17222222222222222 0.1 0.053703703703703705
0 0.20601851851851852 0.2064814814814815 0.0763888888888889 0.08518518518518518
0 0.2199074074074074 0.48009259259259257 0.07314814814814814 0.225
0 0.2828703703703704 0.45092592592592595 0.10694444444444444 0.1814814814814815
0 0.29814814814814816 0.38981481481481484 0.1037037037037037 0.1685185185185185