0 0.7180555555555556 0.8972222222222223 0.1300925925925926 0.2037037037037037
0 0.7578703703703704 0.4912037037037037 0.1337962962962963 0.287962962962963
0 0.8523148148148149 0.5949074074074074 0.06296296296296296 0.1361111111111111
0 0.8912037037037037 0.637962962962963 0.10925925925925926 0.3296296296296296
0 0.22175925925925927 0.48657407407407405 0.08472222222222223 0.23796296296296296
0 0.48194444444444445 0.36712962962962964 0.11666666666666667 0.16203703703703703
0 0.4601851851851852 0.2814814814814815 0.075 0.12962962962962962
0 0.4115740740740741 0.15185185185185185 0.07962962962962963 0.12037037037037036
0 0.46574074074074073 0.17314814814814813 0.05138888888888889 0.07777777777777778
0 0.3814814814814815 0.14907407407407408 0.06620370370370371 0.044444444444444446
0 0.2972222222222222 0.17453703703703705 0.10555555555555556 0.058333333333333334
0 0.31805555555555554 0.14166666666666666 0.07824074074074074 0.044444444444444446
0 0.18981481481481483 0.26157407407407407 0.044444444444444446 0.15462962962962962