0 0.337037037037037 0.9120370370370371 0.2722222222222222 0.17407407407407408
0 0.32222222222222224 0.6407407407407407 0.16111111111111112 0.37037037037037035
0 0.22546296296296298 0.587037037037037 0.11018518518518519 0.2037037037037037
0 0.14722222222222223 0.5430555555555555 0.11527777777777778 0.12314814814814815
0 0.10787037037037037 0.6907407407407408 0.11990740740740741 0.19444444444444445
0 0.6310185185185185 0.6824074074074075 0.28194444444444444 0.3148148148148148
0 0.7092592592592593 0.8069444444444445 0.16574074074074074 0.38425925925925924
0 0.562037037037037 0.4810185185185185 0.22407407407407406 0.24166666666666667
0 0.6819444444444445 0.4287037037037037 0.08472222222222223 0.17777777777777778
0 0.7125 0.4634259259259259 0.11018518518518519 0.19537037037037036
0 0.7777777777777778 0.48194444444444445 0.07314814814814814 0.2064814814814815
0 0.5796296296296296 0.17731481481481481 0.06944444444444445 0.14722222222222223
0 0.6467592592592593 0.1537037037037037 0.09259259259259259 0.06296296296296296
0 0.7208333333333333 0.1875 0.09583333333333334 0.06944444444444445