0 0.8671296296296296 0.6694444444444444 0.1449074074074074 0.29444444444444445
0 0.6087962962962963 0.27870370370370373 0.09814814814814815 0.1425925925925926
0 0.4425925925925926 0.5842592592592593 0.2625 0.26851851851851855
0 0.27175925925925926 0.6342592592592593 0.17314814814814813 0.32222222222222224
0 0.4925925925925926 0.4203703703703704 0.20185185185185187 0.12962962962962962
0 0.4287037037037037 0.3449074074074074 0.12314814814814815 0.13055555555555556
0 0.5615740740740741 0.3578703703703704 0.17453703703703705 0.14722222222222223
0 0.22175925925925927 0.3787037037037037 0.06620370370370371 0.24074074074074073
0 0.23472222222222222 0.2574074074074074 0.13287037037037036 0.15
0 0.21944444444444444 0.1837962962962963 0.10787037037037037 0.11018518518518519
0 0.30833333333333335 0.15138888888888888 0.07407407407407407 0.09722222222222222
0 0.3814814814814815 0.12824074074074074 0.09027777777777778 0.10462962962962963
0 0.4356481481481482 0.14953703703703702 0.033796296296296297 0.11944444444444445