0 0.4787037037037037 0.36157407407407405 0.14907407407407408 0.21388888888888888
0 0.6893518518518519 0.75 0.17453703703703705 0.4981481481481482
0 0.8430555555555556 0.6435185185185185 0.19027777777777777 0.2574074074074074
0 0.8337962962962963 0.6995370370370371 0.1824074074074074 0.2675925925925926
0 0.3648148148148148 0.8300925925925926 0.20833333333333334 0.33796296296296297
0 0.36666666666666664 0.6212962962962963 0.20324074074074075 0.19444444444444445
0 0.25833333333333336 0.6847222222222222 0.12175925925925926 0.325
0 0.2810185185185185 0.3925925925925926 0.09027777777777778 0.12962962962962962
0 0.3921296296296296 0.12453703703703704 0.10046296296296296 0.09166666666666666
0 0.4324074074074074 0.5282407407407408 0.22037037037037038 0.17685185185185184
0 0.3148148148148148 0.4726851851851852 0.19490740740740742 0.15462962962962962
0 0.20972222222222223 0.39814814814814814 0.05925925925925926 0.17407407407407408
0 0.20601851851851852 0.2574074074074074 0.06805555555555555 0.07777777777777778
0 0.2222222222222222 0.31296296296296294 0.09907407407407408 0.06111111111111111