0 0.4212962962962963 0.5365740740740741 0.22962962962962963 0.16018518518518518
0 0.6615740740740741 0.9032407407407408 0.23194444444444445 0.19166666666666668
0 0.8703703703703703 0.6606481481481481 0.14444444444444443 0.2861111111111111
0 0.4976851851851852 0.42592592592592593 0.19212962962962962 0.13333333333333333
0 0.5675925925925925 0.3578703703703704 0.14953703703703702 0.15092592592592594
0 0.3851851851851852 0.2726851851851852 0.13472222222222222 0.16574074074074074
0 0.43148148148148147 0.350462962962963 0.11944444444444445 0.14166666666666666
0 0.2953703703703704 0.41435185185185186 0.09444444444444444 0.29907407407407405
0 0.2722222222222222 0.6333333333333333 0.17175925925925925 0.3314814814814815
0 0.24953703703703703 0.324537037037037 0.1597222222222222 0.17685185185185184
0 0.21342592592592594 0.24259259259259258 0.05925925925925926 0.1037037037037037
0 0.21296296296296297 0.19953703703703704 0.0912037037037037 0.05092592592592592
0 0.2902777777777778 0.14675925925925926 0.08796296296296297 0.10462962962962963
0 0.39351851851851855 0.125 0.08888888888888889 0.09074074074074075