0 0.56015625 0.61953125 0.10390625 0.4265625
0 0.40078125 0.7984375 0.29921875 0.3015625
0 0.65625 0.91171875 0.27265625 0.17421875
0 0.73203125 0.65390625 0.121875 0.334375
0 0.86640625 0.65 0.15546875 0.27421875
0 0.478125 0.2859375 0.09140625 0.18515625
0 0.4265625 0.3265625 0.14140625 0.2296875
0 0.4125 0.565625 0.21328125 0.175
0 0.2734375 0.4765625 0.18046875 0.2265625
0 0.390625 0.134375 0.09609375 0.08125
0 0.21953125 0.17421875 0.09375 0.09453125
0 0.20078125 0.2640625 0.0625 0.14609375
0 0.20859375 0.384375 0.0515625 0.1453125
0 0.2671875 0.3734375 0.07734375 0.11484375