0 0.6574074074074074 0.7726851851851851 0.2587962962962963 0.3712962962962963
0 0.3351851851851852 0.7467592592592592 0.1712962962962963 0.44907407407407407
0 0.8240740740740741 0.712037037037037 0.1884259259259259 0.24074074074074073
0 0.8662037037037037 0.6388888888888888 0.15694444444444444 0.25925925925925924
0 0.4444444444444444 0.34953703703703703 0.10694444444444444 0.16018518518518518
0 0.34675925925925927 0.2689814814814815 0.0912037037037037 0.1787037037037037
0 0.22592592592592592 0.34120370370370373 0.0962962962962963 0.1175925925925926
0 0.449537037037037 0.15324074074074073 0.044444444444444446 0.12685185185185185
0 0.39861111111111114 0.11898148148148148 0.0587962962962963 0.08981481481481482
0 0.35462962962962963 0.12962962962962962 0.04675925925925926 0.08333333333333333
0 0.3175925925925926 0.1685185185185185 0.08425925925925926 0.046296296296296294
0 0.25555555555555554 0.1763888888888889 0.04861111111111111 0.1175925925925926
0 0.20555555555555555 0.15462962962962962 0.09027777777777778 0.07777777777777778
0 0.21481481481481482 0.21296296296296297 0.08842592592592592 0.053703703703703705