0 0.7513888888888889 0.5726851851851852 0.1527777777777778 0.24351851851851852
0 0.7870370370370371 0.4703703703703704 0.11666666666666667 0.3
0 0.5328703703703703 0.4134259259259259 0.1763888888888889 0.14722222222222223
0 0.47129629629629627 0.25277777777777777 0.05555555555555555 0.1925925925925926
0 0.6574074074074074 0.9027777777777778 0.22453703703703703 0.1925925925925926
0 0.4287037037037037 0.5319444444444444 0.20833333333333334 0.1527777777777778
0 0.28379629629629627 0.6592592592592592 0.10787037037037037 0.39814814814814814
0 0.2263888888888889 0.6162037037037037 0.07916666666666666 0.28055555555555556
0 0.24722222222222223 0.35 0.1425925925925926 0.21666666666666667
0 0.21481481481481482 0.20925925925925926 0.08842592592592592 0.08148148148148149
0 0.2967592592592593 0.1587962962962963 0.06481481481481481 0.10277777777777777
0 0.38472222222222224 0.15787037037037038 0.059722222222222225 0.04722222222222222
0 0.40370370370370373 0.1425925925925926 0.06574074074074074 0.10555555555555556