0 0.2828125 0.4796875 0.18515625 0.19296875
0 0.540625 0.31796875 0.05234375 0.225
0 0.571875 0.1625 0.10390625 0.1046875
0 0.60078125 0.1296875 0.1015625 0.09296875
0 0.7859375 0.18828125 0.10390625 0.115625
0 0.790625 0.39296875 0.05234375 0.1453125
0 0.73203125 0.375 0.08046875 0.121875
0 0.72421875 0.60390625 0.16328125 0.32109375
0 0.58125 0.571875 0.21015625 0.18125
0 0.725 0.44921875 0.17734375 0.1734375
0 0.534375 0.87421875 0.10546875 0.24921875
0 0.3546875 0.896875 0.24140625 0.20390625
0 0.20859375 0.62578125 0.1265625 0.23984375
0 0.121875 0.65390625 0.13125 0.2640625