0 0.3087962962962963 0.6523148148148148 0.21342592592592594 0.2564814814814815
0 0.42962962962962964 0.8972222222222223 0.1162037037037037 0.2037037037037037
0 0.5435185185185185 0.8337962962962963 0.10138888888888889 0.33055555555555555
0 0.700462962962963 0.8925925925925926 0.22870370370370371 0.21296296296296297
0 0.8828703703703704 0.6393518518518518 0.19305555555555556 0.22314814814814815
0 0.4888888888888889 0.5518518518518518 0.17037037037037037 0.2833333333333333
0 0.4356481481481482 0.36527777777777776 0.11388888888888889 0.19722222222222222
0 0.28703703703703703 0.49074074074074076 0.20925925925925926 0.17777777777777778
0 0.22175925925925927 0.38842592592592595 0.10092592592592593 0.15462962962962962
0 0.30185185185185187 0.3726851851851852 0.09953703703703703 0.07314814814814814
0 0.33564814814814814 0.3675925925925926 0.053703703703703705 0.10555555555555556
0 0.26990740740740743 0.17037037037037037 0.05092592592592592 0.13148148148148148
0 0.3282407407407407 0.14722222222222223 0.07222222222222222 0.0962962962962963
0 0.39351851851851855 0.13055555555555556 0.07037037037037037 0.09259259259259259
0 0.4236111111111111 0.1449074074074074 0.10972222222222222 0.11018518518518519