0 0.56328125 0.72421875 0.1453125 0.33515625
0 0.62421875 0.34375 0.0625 0.19453125
0 0.81796875 0.59921875 0.1 0.178125
0 0.871875 0.61171875 0.17265625 0.30625
0 0.34375 0.72890625 0.1640625 0.51484375
0 0.3484375 0.50859375 0.18046875 0.31640625
0 0.43828125 0.20703125 0.05859375 0.1546875
0 0.45859375 0.1484375 0.05546875 0.09453125
0 0.3890625 0.1265625 0.06640625 0.090625
0 0.271875 0.16328125 0.04296875 0.09609375
0 0.2484375 0.3125 0.12109375 0.2140625
0 0.265625 0.3375 0.13359375 0.19921875
0 0.2890625 0.44140625 0.21171875 0.221875
0 0.7625 0.928125 0.10078125 0.14140625