0 0.28203125 0.91015625 0.13125 0.178125
0 0.1890625 0.59609375 0.10859375 0.25
0 0.115625 0.74609375 0.115625 0.196875
0 0.690625 0.621875 0.13515625 0.28671875
0 0.578125 0.43671875 0.1890625 0.2359375
0 0.784375 0.4828125 0.07109375 0.23046875
0 0.50390625 0.35390625 0.0953125 0.15078125
0 0.54609375 0.28203125 0.08359375 0.13671875
0 0.540625 0.16328125 0.06484375 0.109375
0 0.6015625 0.128125 0.0796875 0.09453125
0 0.6703125 0.16015625 0.11484375 0.11875
0 0.8125 0.184375 0.0328125 0.0890625
0 0.78671875 0.18125 0.02890625 0.09453125