0 0.34140625 0.9015625 0.22734375 0.19453125
0 0.10546875 0.68515625 0.08984375 0.2
0 0.2265625 0.63046875 0.0921875 0.25
0 0.290625 0.45859375 0.1578125 0.21015625
0 0.17734375 0.51328125 0.1078125 0.25859375
0 0.7296875 0.57578125 0.096875 0.4109375
0 0.54921875 0.3515625 0.09375 0.153125
0 0.78359375 0.40625 0.059375 0.246875
0 0.71015625 0.28671875 0.13515625 0.15625
0 0.60703125 0.11640625 0.09609375 0.08984375
0 0.6875 0.13984375 0.09765625 0.090625
0 0.75078125 0.1265625 0.02890625 0.07421875
0 0.7796875 0.2109375 0.11015625 0.1140625
0 0.7984375 0.17421875 0.0734375 0.10390625