0 0.16953125 0.6765625 0.20703125 0.30625
0 0.496875 0.44765625 0.17734375 0.17109375
0 0.4265625 0.35625 0.15078125 0.1546875
0 0.66796875 0.3140625 0.13515625 0.19140625
0 0.60703125 0.265625 0.0671875 0.18671875
0 0.5484375 0.3484375 0.0953125 0.14609375
0 0.77734375 0.44140625 0.07890625 0.16015625
0 0.721875 0.634375 0.15390625 0.31484375
0 0.7875 0.20234375 0.08046875 0.06796875
0 0.72734375 0.1578125 0.05859375 0.1140625
0 0.68828125 0.171875 0.065625 0.05390625
0 0.61171875 0.125 0.08125 0.08671875
0 0.5515625 0.14609375 0.04140625 0.12578125