0 0.7203703703703703 0.6425925925925926 0.14212962962962963 0.3685185185185185
0 0.6402777777777777 0.3087962962962963 0.10740740740740741 0.23981481481481481
0 0.4046296296296296 0.12731481481481483 0.05138888888888889 0.10277777777777777
0 0.24027777777777778 0.2050925925925926 0.11018518518518519 0.07685185185185185
0 0.20879629629629629 0.40879629629629627 0.05787037037037037 0.1824074074074074
0 0.26296296296296295 0.3787037037037037 0.05740740740740741 0.12777777777777777
0 0.27824074074074073 0.4726851851851852 0.1675925925925926 0.20833333333333334
0 0.425 0.5231481481481481 0.2199074074074074 0.1685185185185185
0 0.4217592592592593 0.6037037037037037 0.2375 0.25555555555555554
0 0.3087962962962963 0.8300925925925926 0.21157407407407408 0.33796296296296297
0 0.6773148148148148 0.9208333333333333 0.27037037037037037 0.15648148148148147
0 0.7611111111111111 0.5518518518518518 0.08009259259259259 0.16111111111111112
0 0.8578703703703704 0.7055555555555556 0.13703703703703704 0.2759259259259259
0 0.8685185185185185 0.6351851851851852 0.14212962962962963 0.25555555555555554