0 0.36944444444444446 0.7782407407407408 0.26157407407407407 0.27314814814814814
0 0.6101851851851852 0.7791666666666667 0.24861111111111112 0.275
0 0.75 0.49537037037037035 0.1259259259259259 0.24074074074074073
0 0.8930555555555556 0.6902777777777778 0.16111111111111112 0.21388888888888888
0 0.5143518518518518 0.5958333333333333 0.18888888888888888 0.23796296296296296
0 0.5263888888888889 0.22824074074074074 0.06712962962962964 0.15092592592592594
0 0.3851851851851852 0.1550925925925926 0.10416666666666667 0.11203703703703703
0 0.3574074074074074 0.25833333333333336 0.1300925925925926 0.1648148148148148
0 0.24814814814814815 0.2865740740740741 0.09907407407407408 0.16944444444444445
0 0.22962962962962963 0.4898148148148148 0.10740740740740741 0.29074074074074074
0 0.32407407407407407 0.5273148148148148 0.1875 0.33611111111111114
0 0.2777777777777778 0.4134259259259259 0.10138888888888889 0.12685185185185185
0 0.31712962962962965 0.38472222222222224 0.06527777777777778 0.12314814814814815