0 0.5421875 0.43203125 0.18671875 0.14453125
0 0.75 0.57421875 0.14765625 0.2484375
0 0.89140625 0.60625 0.125 0.315625
0 0.6671875 0.9046875 0.24765625 0.1890625
0 0.43203125 0.52890625 0.19921875 0.15625
0 0.2953125 0.64140625 0.14453125 0.35625
0 0.2296875 0.6 0.08828125 0.23359375
0 0.23671875 0.3984375 0.1125 0.246875
0 0.45859375 0.2890625 0.09453125 0.246875
0 0.33671875 0.13515625 0.04296875 0.08515625
0 0.38515625 0.15390625 0.05546875 0.0640625
0 0.29453125 0.1703125 0.0609375 0.06875
0 0.2125 0.215625 0.05234375 0.1609375
0 0.2140625 0.203125 0.09140625 0.06015625