0 0.6703703703703704 0.8018518518518518 0.23842592592592593 0.39444444444444443
0 0.7731481481481481 0.6523148148148148 0.1162037037037037 0.18611111111111112
0 0.8787037037037037 0.6541666666666667 0.1375 0.24351851851851852
0 0.624537037037037 0.4912037037037037 0.17685185185185184 0.30462962962962964
0 0.6578703703703703 0.362962962962963 0.1587962962962963 0.1814814814814815
0 0.4837962962962963 0.21851851851851853 0.05185185185185185 0.18518518518518517
0 0.4152777777777778 0.7226851851851852 0.1712962962962963 0.5527777777777778
0 0.32592592592592595 0.8134259259259259 0.12638888888888888 0.3712962962962963
0 0.25925925925925924 0.6972222222222222 0.10833333333333334 0.32037037037037036
0 0.30277777777777776 0.5800925925925926 0.12129629629629629 0.25092592592592594
0 0.21944444444444444 0.462037037037037 0.06759259259259259 0.1814814814814815
0 0.20462962962962963 0.20185185185185187 0.07916666666666666 0.08148148148148149
0 0.30277777777777776 0.175 0.10092592592592593 0.06111111111111111
0 0.5949074074074074 0.26296296296296295 0.08796296296296297 0.14444444444444443