0 0.31796875 0.746875 0.15390625 0.5046875
0 0.56796875 0.51640625 0.22265625 0.153125
0 0.1578125 0.63671875 0.18828125 0.25390625
0 0.16796875 0.69609375 0.178125 0.2609375
0 0.609375 0.1203125 0.10625 0.10390625
0 0.721875 0.3921875 0.09765625 0.12890625
0 0.79296875 0.25703125 0.06875 0.09296875
0 0.775 0.31171875 0.09921875 0.071875
0 0.790625 0.40625 0.0640625 0.1859375
0 0.6828125 0.46640625 0.1890625 0.12890625
0 0.640625 0.61171875 0.21796875 0.16796875
0 0.63671875 0.8265625 0.18515625 0.3453125
0 0.53671875 0.87890625 0.16796875 0.240625
0 0.74140625 0.68359375 0.1203125 0.290625