0 0.8435185185185186 0.6101851851851852 0.15925925925925927 0.23148148148148148
0 0.837037037037037 0.5787037037037037 0.08287037037037037 0.15925925925925927
0 0.7069444444444445 0.9111111111111111 0.15092592592592594 0.17592592592592593
0 0.45787037037037037 0.45231481481481484 0.12638888888888888 0.3212962962962963
0 0.5032407407407408 0.350462962962963 0.07222222222222222 0.1287037037037037
0 0.4597222222222222 0.28564814814814815 0.07453703703703704 0.1361111111111111
0 0.45694444444444443 0.16203703703703703 0.07314814814814814 0.10185185185185185
0 0.39490740740740743 0.14722222222222223 0.09444444444444444 0.05555555555555555
0 0.3050925925925926 0.1736111111111111 0.09166666666666666 0.058333333333333334
0 0.21574074074074073 0.19212962962962962 0.10416666666666667 0.14351851851851852
0 0.18888888888888888 0.17314814814814813 0.037037037037037035 0.07407407407407407
0 0.2222222222222222 0.4847222222222222 0.0837962962962963 0.23425925925925925
0 0.22175925925925927 0.36574074074074076 0.09675925925925925 0.18703703703703703