0 0.48203125 0.45859375 0.1625 0.203125
0 0.61171875 0.38359375 0.153125 0.14296875
0 0.740625 0.60859375 0.13359375 0.2640625
0 0.85625 0.66015625 0.15859375 0.3203125
0 0.315625 0.33046875 0.08359375 0.1890625
0 0.22890625 0.4640625 0.09296875 0.21171875
0 0.4453125 0.16796875 0.06015625 0.13046875
0 0.39296875 0.128125 0.06015625 0.08828125
0 0.38046875 0.10078125 0.06171875 0.06328125
0 0.32265625 0.1625 0.090625 0.06171875
0 0.22109375 0.21875 0.0765625 0.1484375
0 0.2109375 0.2078125 0.096875 0.0546875
0 0.22734375 0.34140625 0.1 0.1046875
0 0.45 0.35078125 0.09609375 0.15703125