0 0.7537037037037037 0.5768518518518518 0.13425925925925927 0.2537037037037037
0 0.4305555555555556 0.5194444444444445 0.23194444444444445 0.17407407407407408
0 0.3680555555555556 0.875462962962963 0.15138888888888888 0.24722222222222223
0 0.2513888888888889 0.6291666666666667 0.12916666666666668 0.3138888888888889
0 0.2726851851851852 0.3685185185185185 0.12453703703703704 0.22407407407407406
0 0.5439814814814815 0.23935185185185184 0.07037037037037037 0.15648148148148147
0 0.32083333333333336 0.19722222222222222 0.08148148148148149 0.16296296296296298
0 0.23981481481481481 0.23564814814814813 0.06574074074074074 0.10277777777777777
0 0.4027777777777778 0.16527777777777777 0.0824074074074074 0.12314814814814815
0 0.43425925925925923 0.12037037037037036 0.03657407407407407 0.053703703703703705
0 0.3837962962962963 0.09768518518518518 0.028703703703703703 0.04351851851851852
0 0.24444444444444444 0.17083333333333334 0.08703703703703704 0.0824074074074074
0 0.2722222222222222 0.13472222222222222 0.06157407407407407 0.05462962962962963
0 0.32407407407407407 0.13148148148148148 0.0763888888888889 0.06851851851851852