0 0.6777777777777778 0.9115740740740741 0.21712962962962962 0.175
0 0.5824074074074074 0.38101851851851853 0.16712962962962963 0.1398148148148148
0 0.712037037037037 0.42962962962962964 0.12129629629629629 0.22777777777777777
0 0.8240740740740741 0.5050925925925925 0.13148148148148148 0.31574074074074077
0 0.8935185185185185 0.7157407407407408 0.06620370370370371 0.21666666666666667
0 0.22592592592592592 0.4842592592592593 0.08148148148148149 0.20925925925925926
0 0.32685185185185184 0.4351851851851852 0.11388888888888889 0.2111111111111111
0 0.2569444444444444 0.37546296296296294 0.06527777777777778 0.22870370370370371
0 0.22361111111111112 0.2125 0.125 0.14907407407407408
0 0.43842592592592594 0.1648148148148148 0.09814814814814815 0.10925925925925926
0 0.4009259259259259 0.1125 0.07083333333333333 0.0824074074074074
0 0.34305555555555556 0.15694444444444444 0.06759259259259259 0.0787037037037037
0 0.3087962962962963 0.1699074074074074 0.06157407407407407 0.07685185185185185