0 0.7212962962962963 0.4273148148148148 0.11805555555555555 0.27870370370370373
0 0.8555555555555555 0.611574074074074 0.06805555555555555 0.13055555555555556
0 0.8888888888888888 0.6236111111111111 0.12222222222222222 0.36574074074074076
0 0.3537037037037037 0.700462962962963 0.24305555555555555 0.325
0 0.27546296296296297 0.5074074074074074 0.08842592592592592 0.34444444444444444
0 0.3611111111111111 0.4162037037037037 0.1537037037037037 0.23055555555555557
0 0.21944444444444444 0.48055555555555557 0.06805555555555555 0.2037037037037037
0 0.44305555555555554 0.17037037037037037 0.08518518518518518 0.07962962962962963
0 0.38935185185185184 0.1287037037037037 0.07777777777777778 0.09814814814814815
0 0.21435185185185185 0.2861111111111111 0.06712962962962964 0.17962962962962964
0 0.24444444444444444 0.16342592592592592 0.07083333333333333 0.10092592592592593
0 0.3527777777777778 0.15555555555555556 0.06296296296296296 0.05925925925925926
0 0.32546296296296295 0.15833333333333333 0.06620370370370371 0.06666666666666667
0 0.7171296296296297 0.9064814814814814 0.11203703703703703 0.18518518518518517