0 0.29305555555555557 0.7439814814814815 0.09953703703703703 0.4398148148148148
0 0.6763888888888889 0.9023148148148148 0.19953703703703704 0.1935185185185185
0 0.7972222222222223 0.6324074074074074 0.08009259259259259 0.2
0 0.8787037037037037 0.6810185185185185 0.08981481481481482 0.2953703703703704
0 0.8643518518518518 0.5800925925925926 0.1527777777777778 0.2861111111111111
0 0.687037037037037 0.41805555555555557 0.20694444444444443 0.21203703703703702
0 0.4666666666666667 0.3611111111111111 0.14351851851851852 0.14074074074074075
0 0.4097222222222222 0.29074074074074074 0.15185185185185185 0.17962962962962964
0 0.4587962962962963 0.17037037037037037 0.05925925925925926 0.11481481481481481
0 0.3384259259259259 0.25092592592592594 0.049074074074074076 0.18703703703703703
0 0.35138888888888886 0.14074074074074075 0.09212962962962963 0.09814814814814815
0 0.31296296296296294 0.1388888888888889 0.0712962962962963 0.1111111111111111
0 0.24027777777777778 0.17175925925925925 0.07962962962962963 0.09537037037037037
0 0.18888888888888888 0.18564814814814815 0.04675925925925926 0.08981481481481482