0 0.3234375 0.40078125 0.1171875 0.215625
0 0.46796875 0.44140625 0.18671875 0.175
0 0.609375 0.428125 0.1015625 0.21953125
0 0.76796875 0.44921875 0.1625 0.31796875
0 0.8921875 0.634375 0.10390625 0.353125
0 0.70546875 0.91796875 0.35078125 0.16171875
0 0.22109375 0.45859375 0.07578125 0.196875
0 0.225 0.3390625 0.1 0.109375
0 0.21015625 0.2046875 0.09296875 0.15703125
0 0.31015625 0.1640625 0.065625 0.059375
0 0.36484375 0.12890625 0.0609375 0.09140625
0 0.415625 0.128125 0.0390625 0.09609375
0 0.46484375 0.34375 0.115625 0.11328125