0 0.15859375 0.64140625 0.18515625 0.2515625
0 0.16875 0.70625 0.17265625 0.28203125
0 0.5828125 0.12578125 0.0390625 0.11953125
0 0.6703125 0.17109375 0.10234375 0.075
0 0.7859375 0.18203125 0.08515625 0.115625
0 0.79375 0.2609375 0.06796875 0.08359375
0 0.76953125 0.3234375 0.11015625 0.0796875
0 0.7875 0.40859375 0.06328125 0.1765625
0 0.7328125 0.38671875 0.0734375 0.12578125
0 0.71875 0.46171875 0.1640625 0.190625
0 0.57109375 0.534375 0.22265625 0.1890625
0 0.63671875 0.61875 0.21171875 0.18359375
0 0.73046875 0.69296875 0.134375 0.3
0 0.63359375 0.8265625 0.20234375 0.3453125