0 0.28203125 0.896875 0.13046875 0.20390625
0 0.2421875 0.49140625 0.13359375 0.28828125
0 0.14765625 0.59453125 0.06328125 0.1359375
0 0.10859375 0.63828125 0.109375 0.3296875
0 0.778125 0.48671875 0.08515625 0.23828125
0 0.51796875 0.3671875 0.11640625 0.16171875
0 0.53984375 0.28125 0.075 0.1296875
0 0.58828125 0.1515625 0.0796875 0.1203125
0 0.534375 0.1734375 0.0515625 0.078125
0 0.61875 0.14921875 0.06640625 0.04453125
0 0.703125 0.17421875 0.10546875 0.05859375
0 0.68203125 0.14140625 0.078125 0.04453125
0 0.81015625 0.26171875 0.04453125 0.1546875