0 0.79140625 0.2046875 0.08125 0.08125
0 0.6984375 0.17421875 0.0984375 0.05390625
0 0.64140625 0.11875 0.04453125 0.08671875
0 0.7703125 0.46875 0.090625 0.19609375
0 0.74375 0.69375 0.11484375 0.29609375
0 0.67109375 0.79609375 0.13515625 0.334375
0 0.31640625 0.478125 0.15703125 0.240625
0 0.2234375 0.60703125 0.1890625 0.1953125
0 0.590625 0.14609375 0.078125 0.1140625
0 0.5390625 0.16875 0.05625 0.0859375
0 0.21875 0.46875 0.06640625 0.17578125
0 0.12578125 0.63359375 0.121875 0.33671875
0 0.1546875 0.7015625 0.19453125 0.209375