0 0.2814814814814815 0.9125 0.1425925925925926 0.17314814814814813
0 0.13657407407407407 0.6518518518518519 0.16527777777777777 0.2814814814814815
0 0.3143518518518518 0.6759259259259259 0.14629629629629629 0.31666666666666665
0 0.3662037037037037 0.48703703703703705 0.17175925925925925 0.22037037037037038
0 0.6212962962962963 0.6083333333333333 0.287962962962963 0.24444444444444444
0 0.5708333333333333 0.9333333333333333 0.2967592592592593 0.13148148148148148
0 0.7236111111111111 0.7083333333333334 0.13842592592592592 0.3148148148148148
0 0.7777777777777778 0.4703703703703704 0.07407407407407407 0.18703703703703703
0 0.5685185185185185 0.2722222222222222 0.12222222222222222 0.17962962962962964
0 0.48148148148148145 0.3537037037037037 0.1537037037037037 0.11481481481481481
0 0.37777777777777777 0.29074074074074074 0.10555555555555556 0.18888888888888888
0 0.5625 0.15185185185185185 0.03333333333333333 0.12037037037037036
0 0.6504629629629629 0.15416666666666667 0.08611111111111111 0.075
0 0.7018518518518518 0.16527777777777777 0.07685185185185185 0.07685185185185185
0 0.7861111111111111 0.18472222222222223 0.06574074074074074 0.11944444444444445