0 0.350462962962963 0.8972222222222223 0.2337962962962963 0.2037037037037037
0 0.24351851851851852 0.6537037037037037 0.10972222222222222 0.3277777777777778
0 0.14722222222222223 0.6425925925925926 0.15185185185185185 0.32407407407407407
0 0.11157407407407408 0.5962962962962963 0.13518518518518519 0.32407407407407407
0 0.5486111111111112 0.350462962962963 0.09305555555555556 0.15462962962962962
0 0.5509259259259259 0.17453703703703705 0.11018518518518519 0.12685185185185185
0 0.7625 0.38055555555555554 0.08333333333333333 0.22407407407407406
0 0.7967592592592593 0.3263888888888889 0.058333333333333334 0.08981481481481482
0 0.6046296296296296 0.12083333333333333 0.08703703703703704 0.09907407407407408
0 0.6509259259259259 0.1310185185185185 0.075 0.0787037037037037
0 0.6944444444444444 0.175 0.0837962962962963 0.06111111111111111
0 0.7805555555555556 0.1912037037037037 0.10972222222222222 0.12129629629629629