0 0.65078125 0.809375 0.15859375 0.3796875
0 0.1328125 0.6640625 0.1375 0.221875
0 0.1390625 0.54453125 0.1171875 0.21796875
0 0.50390625 0.21875 0.06328125 0.15859375
0 0.57578125 0.26640625 0.08515625 0.171875
0 0.621875 0.1203125 0.0640625 0.090625
0 0.6984375 0.17578125 0.1015625 0.0640625
0 0.79453125 0.2015625 0.07578125 0.08125
0 0.7890625 0.4609375 0.0546875 0.18828125
0 0.74453125 0.4140625 0.05703125 0.1
0 0.71953125 0.34375 0.08046875 0.1046875
0 0.7484375 0.65390625 0.13125 0.38828125
0 0.6796875 0.615625 0.1 0.190625
0 0.7046875 0.4796875 0.22421875 0.23515625