0 0.4185185185185185 0.12916666666666668 0.03194444444444444 0.09722222222222222
0 0.4583333333333333 0.15925925925925927 0.03981481481481482 0.12037037037037036
0 0.4875 0.2064814814814815 0.05 0.15925925925925927
0 0.20925925925925926 0.4166666666666667 0.05740740740740741 0.1962962962962963
0 0.26342592592592595 0.3921296296296296 0.07361111111111111 0.16018518518518518
0 0.6680555555555555 0.7611111111111111 0.19537037037037036 0.4222222222222222
0 0.4064814814814815 0.8708333333333333 0.37777777777777777 0.2564814814814815
0 0.3819444444444444 0.6962962962962963 0.3398148148148148 0.35555555555555557
0 0.26296296296296295 0.5666666666666667 0.09583333333333334 0.32407407407407407
0 0.362962962962963 0.5856481481481481 0.1625 0.24351851851851852
0 0.4203703703703704 0.5523148148148148 0.22083333333333333 0.1712962962962963
0 0.32175925925925924 0.43842592592592594 0.08425925925925926 0.15092592592592594
0 0.8462962962962963 0.6314814814814815 0.1875 0.26481481481481484
0 0.8245370370370371 0.6990740740740741 0.18796296296296297 0.2796296296296296