0 0.3515625 0.90078125 0.246875 0.19609375
0 0.2703125 0.67109375 0.13125 0.30859375
0 0.16640625 0.671875 0.18984375 0.34453125
0 0.1234375 0.64609375 0.13671875 0.2484375
0 0.27890625 0.47265625 0.19765625 0.24375
0 0.29609375 0.38671875 0.175 0.1984375
0 0.65078125 0.165625 0.09609375 0.053125
0 0.7203125 0.18671875 0.09453125 0.0640625
0 0.78125 0.48359375 0.06953125 0.2
0 0.74296875 0.45078125 0.06015625 0.1515625
0 0.69296875 0.3859375 0.0609375 0.103125
0 0.64921875 0.63515625 0.271875 0.39609375
0 0.7 0.865625 0.13828125 0.26640625
0 0.70078125 0.5265625 0.15234375 0.321875