0 0.54921875 0.153125 0.05 0.13125
0 0.61875 0.11953125 0.02734375 0.10546875
0 0.671875 0.17421875 0.09609375 0.05703125
0 0.7953125 0.2609375 0.0671875 0.08828125
0 0.77109375 0.32265625 0.115625 0.08046875
0 0.7921875 0.40625 0.0578125 0.17109375
0 0.73359375 0.39140625 0.06796875 0.14296875
0 0.72265625 0.471875 0.16640625 0.22890625
0 0.57109375 0.53046875 0.21953125 0.17109375
0 0.6390625 0.625 0.2140625 0.2
0 0.734375 0.70625 0.11953125 0.30078125
0 0.63203125 0.81640625 0.19921875 0.365625
0 0.1578125 0.64609375 0.19140625 0.25078125
0 0.16796875 0.69296875 0.18203125 0.2890625