0 0.7092592592592593 0.6662037037037037 0.1675925925925926 0.36574074074074076
0 0.8611111111111112 0.6666666666666666 0.1587962962962963 0.3148148148148148
0 0.4791666666666667 0.4587962962962963 0.16342592592592592 0.20092592592592592
0 0.6032407407407407 0.4148148148148148 0.11481481481481481 0.2074074074074074
0 0.5888888888888889 0.28935185185185186 0.13518518518518519 0.17314814814814813
0 0.4486111111111111 0.34814814814814815 0.09351851851851851 0.1574074074074074
0 0.34953703703703703 0.33194444444444443 0.0962962962962963 0.18796296296296297
0 0.22870370370370371 0.4689814814814815 0.09259259259259259 0.21944444444444444
0 0.23148148148148148 0.3296296296296296 0.10694444444444444 0.08518518518518518
0 0.21203703703703702 0.20879629629629629 0.09027777777777778 0.06574074074074074
0 0.2726851851851852 0.16111111111111112 0.03194444444444444 0.12037037037037036
0 0.3162037037037037 0.1587962962962963 0.07361111111111111 0.07314814814814814
0 0.39814814814814814 0.13240740740740742 0.08055555555555556 0.08703703703703704
0 0.3814814814814815 0.10231481481481482 0.05648148148148148 0.06388888888888888