0 0.24609375 0.92109375 0.10390625 0.15625
0 0.53125 0.6109375 0.23828125 0.259375
0 0.73046875 0.653125 0.09375 0.409375
0 0.784375 0.484375 0.05703125 0.20078125
0 0.67578125 0.43671875 0.1203125 0.21171875
0 0.31484375 0.40703125 0.15546875 0.21484375
0 0.4203125 0.3765625 0.165625 0.13046875
0 0.38125 0.303125 0.14453125 0.13359375
0 0.171875 0.68359375 0.18984375 0.178125
0 0.13671875 0.6515625 0.15546875 0.28125
0 0.51171875 0.19609375 0.05078125 0.16171875
0 0.60234375 0.13671875 0.09765625 0.096875
0 0.665625 0.15703125 0.0421875 0.06015625
0 0.69921875 0.17109375 0.07421875 0.0734375
0 0.784375 0.21015625 0.09609375 0.07421875