0 0.72421875 0.47890625 0.196875 0.17109375
0 0.8140625 0.5859375 0.10859375 0.209375
0 0.89296875 0.69140625 0.0640625 0.21796875
0 0.64765625 0.91171875 0.23515625 0.17421875
0 0.47109375 0.853125 0.1015625 0.29140625
0 0.27421875 0.60703125 0.18203125 0.33046875
0 0.421875 0.56484375 0.21953125 0.16640625
0 0.421875 0.32109375 0.12109375 0.20859375
0 0.4625 0.1609375 0.06484375 0.12578125
0 0.39375 0.13125 0.08203125 0.084375
0 0.21640625 0.1859375 0.10625 0.1015625
0 0.20625 0.39296875 0.05078125 0.1515625
0 0.27109375 0.384375 0.07578125 0.11953125
0 0.303125 0.43671875 0.12421875 0.14296875