0 0.5046296296296297 0.3736111111111111 0.15462962962962962 0.18055555555555555
0 0.6805555555555556 0.7694444444444445 0.19212962962962962 0.45925925925925926
0 0.7537037037037037 0.5662037037037037 0.14074074074074075 0.23796296296296296
0 0.8398148148148148 0.6027777777777777 0.10324074074074074 0.19074074074074074
0 0.33796296296296297 0.7583333333333333 0.287962962962963 0.3351851851851852
0 0.3037037037037037 0.8953703703703704 0.13333333333333333 0.2074074074074074
0 0.31712962962962965 0.462037037037037 0.10694444444444444 0.2037037037037037
0 0.4287037037037037 0.513425925925926 0.2152777777777778 0.16944444444444445
0 0.24027777777777778 0.5462962962962963 0.08888888888888889 0.14074074074074075
0 0.21851851851851853 0.41203703703703703 0.07546296296296297 0.1925925925925926
0 0.24305555555555555 0.28888888888888886 0.13472222222222222 0.08888888888888889
0 0.4148148148148148 0.12962962962962962 0.07314814814814814 0.10185185185185185
0 0.3347222222222222 0.5976851851851852 0.09953703703703703 0.11944444444444445
0 0.4148148148148148 0.23472222222222222 0.09166666666666666 0.1527777777777778