0 0.36015625 0.83046875 0.15546875 0.33671875
0 0.56953125 0.43359375 0.203125 0.23828125
0 0.34140625 0.67421875 0.2765625 0.2546875
0 0.22578125 0.4828125 0.07578125 0.2046875
0 0.32109375 0.43046875 0.1109375 0.203125
0 0.365625 0.33203125 0.05390625 0.203125
0 0.390625 0.14765625 0.0671875 0.06953125
0 0.2203125 0.20703125 0.10234375 0.0734375
0 0.27109375 0.29296875 0.059375 0.18203125
0 0.74609375 0.58203125 0.16484375 0.33125
0 0.9 0.69609375 0.07734375 0.21484375
0 0.565625 0.31953125 0.07890625 0.06796875
0 0.72109375 0.92109375 0.115625 0.15546875
0 0.690625 0.40078125 0.07734375 0.140625