0 0.29074074074074074 0.6662037037037037 0.1675925925925926 0.36574074074074076
0 0.1388888888888889 0.6666666666666666 0.1587962962962963 0.3148148148148148
0 0.5208333333333334 0.4587962962962963 0.16342592592592592 0.20092592592592592
0 0.39675925925925926 0.4148148148148148 0.11481481481481481 0.2074074074074074
0 0.4111111111111111 0.28935185185185186 0.13518518518518519 0.17314814814814813
0 0.5513888888888889 0.34814814814814815 0.09351851851851851 0.1574074074074074
0 0.6504629629629629 0.33194444444444443 0.0962962962962963 0.18796296296296297
0 0.7712962962962963 0.4689814814814815 0.09259259259259259 0.21944444444444444
0 0.7685185185185185 0.3296296296296296 0.10694444444444444 0.08518518518518518
0 0.787962962962963 0.20879629629629629 0.09027777777777778 0.06574074074074074
0 0.7273148148148149 0.16111111111111112 0.03194444444444444 0.12037037037037036
0 0.6837962962962963 0.1587962962962963 0.07361111111111111 0.07314814814814814
0 0.6018518518518519 0.13240740740740742 0.08055555555555556 0.08703703703703704
0 0.6185185185185185 0.10231481481481482 0.05648148148148148 0.06388888888888888