0 0.6819444444444445 0.9041666666666667 0.1986111111111111 0.18981481481481483
0 0.3125 0.8925925925925926 0.12685185185185185 0.21296296296296297
0 0.2810185185185185 0.6893518518518519 0.14953703703703702 0.2972222222222222
0 0.8101851851851852 0.6819444444444445 0.29907407407407405 0.2175925925925926
0 0.8601851851851852 0.5837962962962963 0.16018518518518518 0.22314814814814815
0 0.6611111111111111 0.49675925925925923 0.13842592592592592 0.2953703703703704
0 0.6648148148148149 0.3560185185185185 0.08842592592592592 0.21388888888888888
0 0.5143518518518518 0.3226851851851852 0.1337962962962963 0.1787037037037037
0 0.5546296296296296 0.3347222222222222 0.08472222222222223 0.075
0 0.36527777777777776 0.19444444444444445 0.04351851851851852 0.12962962962962962
0 0.2726851851851852 0.18935185185185185 0.08287037037037037 0.06018518518518518
0 0.20092592592592592 0.2722222222222222 0.06944444444444445 0.18888888888888888
0 0.22407407407407406 0.4546296296296296 0.06666666666666667 0.22037037037037038
0 0.3050925925925926 0.5305555555555556 0.12129629629629629 0.26481481481481484