0 0.50234375 0.34296875 0.13203125 0.23671875
0 0.3921875 0.12109375 0.0953125 0.10078125
0 0.6 0.62265625 0.12265625 0.43984375
0 0.73125 0.60625 0.15390625 0.23046875
0 0.6375 0.89296875 0.2828125 0.21328125
0 0.35234375 0.928125 0.17734375 0.14296875
0 0.3453125 0.809375 0.23984375 0.2609375
0 0.3421875 0.6640625 0.29609375 0.24609375
0 0.31875 0.53203125 0.25546875 0.14921875
0 0.4234375 0.48046875 0.21171875 0.1296875
0 0.2921875 0.44140625 0.14140625 0.16171875
0 0.2078125 0.4140625 0.05625 0.19296875
0 0.259375 0.40078125 0.06328125 0.17109375
0 0.86328125 0.63828125 0.15625 0.2765625
0 0.846875 0.696875 0.13828125 0.28125