0 0.6527777777777778 0.7814814814814814 0.1361111111111111 0.4351851851851852
0 0.8305555555555556 0.5884259259259259 0.09027777777777778 0.13425925925925927
0 0.750462962962963 0.500462962962963 0.07685185185185185 0.25462962962962965
0 0.6546296296296297 0.3143518518518518 0.13472222222222222 0.2212962962962963
0 0.549537037037037 0.5805555555555556 0.15046296296296297 0.29444444444444445
0 0.24259259259259258 0.4666666666666667 0.07222222222222222 0.34074074074074073
0 0.29583333333333334 0.5662037037037037 0.07916666666666666 0.38981481481481484
0 0.3337962962962963 0.7472222222222222 0.15092592592592594 0.3851851851851852
0 0.4583333333333333 0.16898148148148148 0.055092592592592596 0.07314814814814814
0 0.4263888888888889 0.15925925925925927 0.08657407407407407 0.13518518518518519
0 0.38657407407407407 0.1300925925925926 0.0587962962962963 0.08055555555555556
0 0.3490740740740741 0.13333333333333333 0.05092592592592592 0.09444444444444444
0 0.28379629629629627 0.14675925925925926 0.08796296296296297 0.10648148148148148
0 0.2152777777777778 0.17916666666666667 0.07453703703703704 0.09907407407407408