0 0.2773148148148148 0.9078703703703703 0.12037037037037036 0.1824074074074074
0 0.4583333333333333 0.5810185185185185 0.12314814814814815 0.3490740740740741
0 0.27546296296296297 0.5537037037037037 0.22083333333333333 0.24814814814814815
0 0.11574074074074074 0.6671296296296296 0.12546296296296297 0.2675925925925926
0 0.2847222222222222 0.4 0.16157407407407406 0.17037037037037037
0 0.4759259259259259 0.33194444444444443 0.1587962962962963 0.1361111111111111
0 0.5953703703703703 0.23333333333333334 0.13796296296296295 0.1425925925925926
0 0.5615740740740741 0.13194444444444445 0.04953703703703704 0.08981481481481482
0 0.7078703703703704 0.15416666666666667 0.08703703703703704 0.11203703703703703
0 0.7935185185185185 0.17777777777777778 0.09074074074074075 0.11481481481481481
0 0.7958333333333333 0.2625 0.07175925925925926 0.1712962962962963
0 0.711574074074074 0.5074074074074074 0.12962962962962962 0.2814814814814815
0 0.7851851851851852 0.46944444444444444 0.05694444444444444 0.1814814814814815
0 0.7180555555555556 0.6842592592592592 0.15416666666666667 0.28703703703703703
0 0.6819444444444445 0.8935185185185185 0.11851851851851852 0.2111111111111111