0 0.653125 0.725 0.21953125 0.45
0 0.42265625 0.6578125 0.1515625 0.303125
0 0.2890625 0.65 0.21484375 0.27578125
0 0.12578125 0.6609375 0.13515625 0.315625
0 0.48515625 0.4265625 0.13203125 0.28515625
0 0.41796875 0.3875 0.0640625 0.19921875
0 0.33671875 0.44375 0.06015625 0.25625
0 0.58125 0.12734375 0.03515625 0.09921875
0 0.6203125 0.14453125 0.07421875 0.0640625
0 0.7328125 0.38828125 0.16953125 0.13671875
0 0.60703125 0.37109375 0.06484375 0.22421875
0 0.709375 0.5671875 0.19140625 0.38828125
0 0.70703125 0.45703125 0.1953125 0.26015625
0 0.7859375 0.203125 0.09296875 0.0984375