0 0.33984375 0.82109375 0.1125 0.35546875
0 0.7140625 0.47109375 0.18828125 0.19140625
0 0.79375 0.58125 0.11953125 0.2109375
0 0.86796875 0.65 0.12734375 0.36640625
0 0.9 0.62109375 0.0953125 0.28515625
0 0.4578125 0.17109375 0.06484375 0.084375
0 0.4125 0.11640625 0.05234375 0.08515625
0 0.36796875 0.13046875 0.04453125 0.103125
0 0.3015625 0.17734375 0.09296875 0.0640625
0 0.296875 0.434375 0.1078125 0.21171875
0 0.2359375 0.4765625 0.09921875 0.2046875
0 0.259375 0.6984375 0.10390625 0.296875
0 0.19140625 0.2390625 0.05078125 0.1359375
0 0.2234375 0.19453125 0.04609375 0.06328125