0 0.7515625 0.57265625 0.15234375 0.24375
0 0.78671875 0.4703125 0.11640625 0.3
0 0.5328125 0.41328125 0.1765625 0.146875
0 0.47109375 0.253125 0.05546875 0.19296875
0 0.6578125 0.903125 0.22421875 0.19296875
0 0.42890625 0.53203125 0.20859375 0.153125
0 0.28359375 0.659375 0.1078125 0.3984375
0 0.2265625 0.61640625 0.07890625 0.28046875
0 0.24765625 0.35 0.14296875 0.21640625
0 0.21484375 0.209375 0.08828125 0.08125
0 0.296875 0.15859375 0.06484375 0.103125
0 0.384375 0.1578125 0.06015625 0.046875
0 0.40390625 0.14296875 0.065625 0.10546875