0 0.60234375 0.65 0.10390625 0.46328125
0 0.31171875 0.93203125 0.25390625 0.134375
0 0.125 0.63203125 0.06171875 0.12890625
0 0.6953125 0.81640625 0.13515625 0.365625
0 0.7828125 0.48984375 0.06328125 0.221875
0 0.7265625 0.4609375 0.08515625 0.19921875
0 0.7171875 0.496875 0.17265625 0.34375
0 0.55078125 0.16640625 0.07265625 0.08515625
0 0.6046875 0.14921875 0.08203125 0.06015625
0 0.64453125 0.1484375 0.06328125 0.071875
0 0.72109375 0.1859375 0.0921875 0.0640625
0 0.8 0.178125 0.075 0.1046875
0 0.73984375 0.14375 0.0703125 0.08984375
0 0.6765625 0.14765625 0.07578125 0.065625