0 0.35138888888888886 0.16805555555555557 0.11018518518518519 0.06574074074074074
0 0.21435185185185185 0.21064814814814814 0.08796296296296297 0.058333333333333334
0 0.6986111111111111 0.38472222222222224 0.10833333333333334 0.28425925925925927
0 0.4300925925925926 0.5282407407407408 0.2263888888888889 0.21574074074074073
0 0.20277777777777778 0.25925925925925924 0.07037037037037037 0.09074074074074075
0 0.22407407407407406 0.30972222222222223 0.10833333333333334 0.08796296296296297
0 0.20694444444444443 0.40555555555555556 0.05138888888888889 0.17962962962962964
0 0.26990740740740743 0.39814814814814814 0.07175925925925926 0.15555555555555556
0 0.2814814814814815 0.4634259259259259 0.16527777777777777 0.20277777777777778
0 0.36342592592592593 0.6134259259259259 0.20462962962962963 0.18796296296296297
0 0.27037037037037037 0.6824074074074075 0.12916666666666668 0.32037037037037036
0 0.37037037037037035 0.8208333333333333 0.20092592592592592 0.35648148148148145
0 0.8388888888888889 0.6472222222222223 0.20092592592592592 0.25555555555555554
0 0.8328703703703704 0.7032407407407407 0.1824074074074074 0.2916666666666667