0 0.57734375 0.83046875 0.12109375 0.33828125
0 0.35703125 0.80078125 0.121875 0.33203125
0 0.6734375 0.6890625 0.17265625 0.40625
0 0.82578125 0.56640625 0.18671875 0.334375
0 0.90078125 0.63359375 0.10078125 0.30859375
0 0.26015625 0.684375 0.1125 0.296875
0 0.23828125 0.471875 0.11015625 0.20078125
0 0.3046875 0.32890625 0.1390625 0.18359375
0 0.49296875 0.2140625 0.04921875 0.165625
0 0.4078125 0.1484375 0.05703125 0.10390625
0 0.30234375 0.1734375 0.10078125 0.0640625
0 0.37578125 0.11640625 0.0734375 0.084375
0 0.4484375 0.16640625 0.06015625 0.08359375
0 0.8625 0.6234375 0.06171875 0.11875