0 0.5180555555555556 0.600925925925926 0.24212962962962964 0.24444444444444444
0 0.7111111111111111 0.9208333333333333 0.17083333333333334 0.15648148148148147
0 0.2708333333333333 0.7263888888888889 0.12407407407407407 0.3435185185185185
0 0.22037037037037038 0.47824074074074074 0.07037037037037037 0.19907407407407407
0 0.2740740740740741 0.49212962962962964 0.0962962962962963 0.2324074074074074
0 0.3226851851851852 0.41944444444444445 0.11203703703703703 0.18333333333333332
0 0.5050925925925925 0.35509259259259257 0.14305555555555555 0.10648148148148148
0 0.6949074074074074 0.38333333333333336 0.16666666666666666 0.24074074074074073
0 0.7037037037037037 0.6958333333333333 0.15648148148148147 0.287962962962963
0 0.8601851851851852 0.6523148148148148 0.15555555555555556 0.2824074074074074
0 0.4935185185185185 0.24259259259259258 0.14444444444444443 0.12407407407407407
0 0.40879629629629627 0.1412037037037037 0.09074074074074075 0.10462962962962963
0 0.29907407407407405 0.16666666666666666 0.07037037037037037 0.07222222222222222
0 0.34675925925925927 0.16342592592592592 0.0763888888888889 0.06018518518518518
0 0.5967592592592592 0.3101851851851852 0.049074074074074076 0.17407407407407408