0 0.4640625 0.52109375 0.0921875 0.1640625
0 0.3140625 0.54375 0.25859375 0.1890625
0 0.5234375 0.23671875 0.11171875 0.14921875
0 0.265625 0.16328125 0.10078125 0.10078125
0 0.20703125 0.39296875 0.05 0.15546875
0 0.26171875 0.38671875 0.05703125 0.14921875
0 0.58359375 0.553125 0.20703125 0.22421875
0 0.69140625 0.82890625 0.27890625 0.340625
0 0.61640625 0.93203125 0.09296875 0.13359375
0 0.390625 0.75546875 0.36953125 0.35390625
0 0.32890625 0.67421875 0.29375 0.16484375
0 0.82109375 0.65078125 0.22421875 0.26640625
0 0.8671875 0.61953125 0.1484375 0.2515625
0 0.303125 0.421875 0.13046875 0.109375