0 0.3486111111111111 0.7847222222222222 0.23287037037037037 0.3675925925925926
0 0.6694444444444444 0.7287037037037037 0.25787037037037036 0.29074074074074074
0 0.18888888888888888 0.7134259259259259 0.17222222222222222 0.26944444444444443
0 0.12962962962962962 0.6412037037037037 0.15046296296296297 0.25277777777777777
0 0.5537037037037037 0.3541666666666667 0.10462962962962963 0.15462962962962962
0 0.7703703703703704 0.34305555555555556 0.10185185185185185 0.11944444444444445
0 0.5486111111111112 0.16527777777777777 0.03657407407407407 0.12685185185185185
0 0.5851851851851851 0.14166666666666666 0.04675925925925926 0.11481481481481481
0 0.6365740740740741 0.12685185185185185 0.0824074074074074 0.09259259259259259
0 0.6305555555555555 0.09398148148148149 0.0587962962962963 0.04537037037037037
0 0.6842592592592592 0.16944444444444445 0.0912037037037037 0.053703703703703705
0 0.7407407407407407 0.16342592592592592 0.032407407407407406 0.10648148148148148
0 0.7935185185185185 0.20462962962962963 0.06574074074074074 0.12037037037037036
0 0.8013888888888889 0.17407407407407408 0.07361111111111111 0.11296296296296296