0 0.32037037037037036 0.8134259259259259 0.1398148148148148 0.32685185185185184
0 0.6583333333333333 0.9097222222222222 0.22175925925925927 0.1787037037037037
0 0.8212962962962963 0.663425925925926 0.12453703703703704 0.3472222222222222
0 0.7662037037037037 0.49074074074074076 0.09675925925925925 0.2759259259259259
0 0.8796296296296297 0.6564814814814814 0.1087962962962963 0.3648148148148148
0 0.899537037037037 0.625462962962963 0.10416666666666667 0.2953703703703704
0 0.25092592592592594 0.687037037037037 0.09814814814814815 0.2814814814814815
0 0.2388888888888889 0.5032407407407408 0.09861111111111111 0.13425925925925927
0 0.25555555555555554 0.4310185185185185 0.1648148148148148 0.2101851851851852
0 0.1986111111111111 0.2263888888888889 0.05925925925925926 0.1287037037037037
0 0.4550925925925926 0.17175925925925925 0.0699074074074074 0.0824074074074074
0 0.36944444444444446 0.12685185185185185 0.043055555555555555 0.0962962962962963
0 0.3 0.17175925925925925 0.10092592592592593 0.05648148148148148
0 0.2175925925925926 0.1925925925925926 0.05740740740740741 0.053703703703703705