0 0.45703125 0.69375 0.25703125 0.253125
0 0.61640625 0.834375 0.178125 0.32890625
0 0.315625 0.39375 0.0578125 0.13046875
0 0.25390625 0.40703125 0.1234375 0.16796875
0 0.32578125 0.58125 0.19140625 0.41328125
0 0.55859375 0.421875 0.15234375 0.28671875
0 0.84453125 0.6953125 0.19140625 0.26328125
0 0.87734375 0.6328125 0.1359375 0.24921875
0 0.60546875 0.296875 0.10625 0.18359375
0 0.49296875 0.22421875 0.13125 0.14375
0 0.3953125 0.1453125 0.08671875 0.0609375
0 0.26015625 0.1859375 0.08359375 0.09609375
0 0.19296875 0.259375 0.04140625 0.16171875
0 0.24453125 0.3 0.13046875 0.19296875