0 0.32890625 0.83203125 0.13046875 0.32421875
0 0.6796875 0.67890625 0.1234375 0.45390625
0 0.83984375 0.6359375 0.16328125 0.290625
0 0.8734375 0.6359375 0.14609375 0.2953125
0 0.79375 0.4484375 0.0953125 0.16953125
0 0.45234375 0.1609375 0.07421875 0.10703125
0 0.303125 0.1734375 0.10703125 0.07109375
0 0.2046875 0.19765625 0.08359375 0.0734375
0 0.26640625 0.31796875 0.12421875 0.1546875
0 0.31171875 0.4109375 0.096875 0.2640625
0 0.21953125 0.471875 0.07265625 0.203125
0 0.30859375 0.575 0.12578125 0.23671875
0 0.25703125 0.69453125 0.109375 0.30703125
0 0.77421875 0.64609375 0.09296875 0.1890625