0 0.25859375 0.93125 0.109375 0.1359375
0 0.6890625 0.896875 0.1296875 0.20390625
0 0.73671875 0.69375 0.11796875 0.30078125
0 0.71328125 0.51171875 0.08359375 0.25703125
0 0.78359375 0.4671875 0.065625 0.1859375
0 0.6625 0.25390625 0.1328125 0.13828125
0 0.58828125 0.37109375 0.1625 0.24140625
0 0.14296875 0.63515625 0.16484375 0.259375
0 0.38046875 0.34140625 0.078125 0.190625
0 0.46875 0.334375 0.12421875 0.20546875
0 0.14375 0.69765625 0.12734375 0.21953125
0 0.55234375 0.15078125 0.04375 0.1140625
0 0.60703125 0.12421875 0.07265625 0.09140625
0 0.7328125 0.18984375 0.09921875 0.06328125