0 0.63984375 0.871875 0.2546875 0.2546875
0 0.871875 0.63046875 0.06875 0.140625
0 0.29140625 0.80625 0.159375 0.33203125
0 0.27578125 0.53828125 0.16328125 0.34140625
0 0.21796875 0.48359375 0.0671875 0.209375
0 0.25546875 0.42421875 0.0578125 0.125
0 0.30234375 0.303125 0.15 0.17578125
0 0.45546875 0.1671875 0.06015625 0.084375
0 0.4234375 0.146875 0.05625 0.10859375
0 0.38046875 0.15 0.05078125 0.0515625
0 0.35390625 0.14765625 0.06015625 0.0734375
0 0.321875 0.153125 0.07578125 0.0765625
0 0.24921875 0.17734375 0.05546875 0.11171875
0 0.215625 0.21328125 0.10703125 0.0640625