0 0.68203125 0.90390625 0.1984375 0.18984375
0 0.3125 0.89296875 0.12734375 0.21328125
0 0.28125 0.6890625 0.14921875 0.296875
0 0.81015625 0.68203125 0.29921875 0.21796875
0 0.86015625 0.58359375 0.16015625 0.2234375
0 0.6609375 0.496875 0.13828125 0.2953125
0 0.66484375 0.35625 0.08828125 0.2140625
0 0.5140625 0.32265625 0.13359375 0.17890625
0 0.5546875 0.334375 0.08515625 0.075
0 0.36484375 0.19453125 0.04375 0.1296875
0 0.27265625 0.1890625 0.0828125 0.06015625
0 0.20078125 0.271875 0.06953125 0.1890625
0 0.22421875 0.4546875 0.06640625 0.2203125
0 0.3046875 0.53046875 0.12109375 0.26484375