0 0.71796875 0.91015625 0.13125 0.178125
0 0.8109375 0.59609375 0.10859375 0.25
0 0.884375 0.74609375 0.115625 0.196875
0 0.309375 0.621875 0.13515625 0.28671875
0 0.421875 0.43671875 0.1890625 0.2359375
0 0.215625 0.4828125 0.07109375 0.23046875
0 0.49609375 0.35390625 0.0953125 0.15078125
0 0.45390625 0.28203125 0.08359375 0.13671875
0 0.459375 0.16328125 0.06484375 0.109375
0 0.3984375 0.128125 0.0796875 0.09453125
0 0.3296875 0.16015625 0.11484375 0.11875
0 0.1875 0.184375 0.0328125 0.0890625
0 0.21328125 0.18125 0.02890625 0.09453125