0 0.41712962962962963 0.5365740740740741 0.23981481481481481 0.1638888888888889
0 0.4842592592592593 0.42314814814814816 0.18518518518518517 0.1425925925925926
0 0.5361111111111111 0.3712962962962963 0.1736111111111111 0.12037037037037036
0 0.6171296296296296 0.324537037037037 0.1300925925925926 0.20462962962962963
0 0.6652777777777777 0.8944444444444445 0.2388888888888889 0.20925925925925926
0 0.8703703703703703 0.6625 0.14444444444444443 0.27685185185185185
0 0.2689814814814815 0.6277777777777778 0.16944444444444445 0.31666666666666665
0 0.4 0.32592592592592595 0.15092592592592594 0.18333333333333332
0 0.4703703703703704 0.18796296296296297 0.11388888888888889 0.13518518518518519
0 0.3912037037037037 0.14444444444444443 0.05277777777777778 0.06666666666666667
0 0.35509259259259257 0.12685185185185185 0.034722222222222224 0.09074074074074075
0 0.29907407407407405 0.17175925925925925 0.0875 0.06759259259259259
0 0.21203703703703702 0.19583333333333333 0.09212962962962963 0.05092592592592592
0 0.2037037037037037 0.26805555555555555 0.07685185185185185 0.1527777777777778