0 0.67109375 0.83203125 0.13046875 0.32421875
0 0.3203125 0.67890625 0.1234375 0.45390625
0 0.16015625 0.6359375 0.16328125 0.290625
0 0.1265625 0.6359375 0.14609375 0.2953125
0 0.20625 0.4484375 0.0953125 0.16953125
0 0.54765625 0.1609375 0.07421875 0.10703125
0 0.696875 0.1734375 0.10703125 0.07109375
0 0.7953125 0.19765625 0.08359375 0.0734375
0 0.73359375 0.31796875 0.12421875 0.1546875
0 0.68828125 0.4109375 0.096875 0.2640625
0 0.78046875 0.471875 0.07265625 0.203125
0 0.69140625 0.575 0.12578125 0.23671875
0 0.74296875 0.69453125 0.109375 0.30703125
0 0.22578125 0.64609375 0.09296875 0.1890625