0 0.42453703703703705 0.2986111111111111 0.1111111111111111 0.20092592592592592
0 0.513425925925926 0.18888888888888888 0.05555555555555555 0.1648148148148148
0 0.5685185185185185 0.5263888888888889 0.2199074074074074 0.1824074074074074
0 0.27175925925925926 0.5930555555555556 0.15555555555555556 0.24722222222222223
0 0.1388888888888889 0.6509259259259259 0.13796296296296295 0.26481481481481484
0 0.09953703703703703 0.7208333333333333 0.07592592592592592 0.1824074074074074
0 0.37037037037037035 0.9273148148148148 0.2824074074074074 0.14351851851851852
0 0.6652777777777777 0.8791666666666667 0.10324074074074074 0.23981481481481481
0 0.6819444444444445 0.6907407407407408 0.1412037037037037 0.30185185185185187
0 0.7615740740740741 0.6398148148148148 0.08518518518518518 0.2722222222222222
0 0.7157407407407408 0.45185185185185184 0.1675925925925926 0.18518518518518517
0 0.7611111111111111 0.3106481481481482 0.12546296296296297 0.075
0 0.7347222222222223 0.36157407407407405 0.07222222222222222 0.12129629629629629
0 0.7921296296296296 0.39861111111111114 0.05092592592592592 0.1527777777777778