0 0.4859375 0.221875 0.13828125 0.1859375
0 0.59765625 0.14453125 0.07265625 0.1234375
0 0.8 0.18359375 0.04921875 0.1234375
0 0.79921875 0.25703125 0.07890625 0.090625
0 0.7671875 0.3125 0.12109375 0.06953125
0 0.790625 0.41328125 0.06328125 0.18359375
0 0.73125 0.4015625 0.06640625 0.16953125
0 0.6640625 0.35390625 0.09609375 0.22578125
0 0.57578125 0.53203125 0.22421875 0.18359375
0 0.6421875 0.62421875 0.21328125 0.19375
0 0.74375 0.6953125 0.12421875 0.32421875
0 0.6375 0.81484375 0.215625 0.36875
0 0.15859375 0.65078125 0.19140625 0.253125
0 0.16796875 0.7 0.18125 0.2703125