0 0.51171875 0.275 0.15703125 0.1703125
0 0.6578125 0.2859375 0.13984375 0.1546875
0 0.61328125 0.13125 0.06640625 0.08984375
0 0.571875 0.1359375 0.04453125 0.1109375
0 0.80078125 0.23515625 0.05546875 0.14296875
0 0.79140625 0.4 0.05859375 0.1515625
0 0.7265625 0.37734375 0.08515625 0.125
0 0.72109375 0.4765625 0.16875 0.22421875
0 0.57734375 0.51796875 0.225 0.146875
0 0.63203125 0.7046875 0.29296875 0.26640625
0 0.3359375 0.75546875 0.19921875 0.36796875
0 0.24921875 0.9390625 0.11171875 0.11953125
0 0.17890625 0.58515625 0.08125 0.1796875
0 0.10625 0.76953125 0.05390625 0.15703125
0 0.10546875 0.6671875 0.08203125 0.23828125