0 0.7 0.6865740740740741 0.1625 0.32685185185185184
0 0.8787037037037037 0.625 0.15185185185185185 0.2777777777777778
0 0.30694444444444446 0.8152777777777778 0.13055555555555556 0.3675925925925926
0 0.4935185185185185 0.6194444444444445 0.26666666666666666 0.337037037037037
0 0.32592592592592595 0.500462962962963 0.17546296296296296 0.36018518518518516
0 0.4486111111111111 0.1675925925925926 0.07222222222222222 0.08148148148148149
0 0.21944444444444444 0.48703703703703705 0.07083333333333333 0.20555555555555555
0 0.26064814814814813 0.4513888888888889 0.06527777777777778 0.175
0 0.2462962962962963 0.29768518518518516 0.13148148148148148 0.17685185185185184
0 0.24259259259259258 0.19490740740740742 0.09166666666666666 0.07685185185185185
0 0.2810185185185185 0.18425925925925926 0.0962962962962963 0.06111111111111111
0 0.32037037037037036 0.14953703703703702 0.07175925925925926 0.06574074074074074
0 0.38935185185185184 0.1398148148148148 0.07777777777777778 0.07222222222222222
0 0.35509259259259257 0.14907407407407408 0.06157407407407407 0.07407407407407407